10
10
3450
1.000000
0.100000
243.936523
0.0000 8.0200 1.0190 3.7810 6.5590 6.0120 4.9520 1.8380 4.7910 3.8090 
8.0200 0.0000 7.0030 4.3120 1.8620 5.5440 7.9180 9.5570 9.4440 4.2140 
1.0190 7.0030 0.0000 2.7920 5.5450 5.3770 4.6480 2.6960 4.9890 2.7950 
3.7810 4.3120 2.7920 0.0000 3.1590 3.6630 5.6280 5.4670 5.7420 0.4490 
6.5590 1.8620 5.5450 3.1590 0.0000 5.6140 6.0580 7.9500 8.8040 2.9010 
6.0120 5.5440 5.3770 3.6630 5.6140 0.0000 9.2380 7.8400 4.5120 4.0930 
4.9520 7.9180 4.6480 5.6280 6.0580 9.2380 0.0000 4.7350 9.6260 5.2450 
1.8380 9.5570 2.6960 5.4670 7.9500 7.8400 4.7350 0.0000 6.0420 5.4150 
4.7910 9.4440 4.9890 5.7420 8.8040 4.5120 9.6260 6.0420 0.0000 6.1200 
3.8090 4.2140 2.7950 0.4490 2.9010 4.0930 5.2450 5.4150 6.1200 0.0000 
215.4160 679.6570 618.6720 144.2090 502.9630 899.9130 193.0900 988.1130 149.2800 207.9260 
328.5140 693.7250 981.1900 466.0830 997.3340 1230.9640 557.2150 999.0820 324.6560 545.2000 
0 1 0 1 0 1 0 0 1 0 
1 0 1 1 0 1 0 0 0 1 
1 0 0 0 1 0 1 1 1 0 
0 1 0 0 0 0 0 0 0 0 
0 1 0 1 0 1 1 1 1 1 
1 1 1 1 0 0 1 0 1 1 
0 0 0 0 0 1 0 0 1 1 
1 1 1 1 0 1 1 1 1 1 
0 0 0 0 0 0 1 1 1 1 
1 0 0 0 0 0 0 1 1 0 
