10
15
1967
1.000000
0.100000
69.418164
0.0000 6.6830 7.5570 1.9490 3.0690 3.2930 5.9660 8.9060 3.5640 5.6440 
6.6830 0.0000 4.5320 7.9510 9.1110 3.9000 5.7490 5.6400 6.8760 4.4210 
7.5570 4.5320 0.0000 9.4210 8.5600 4.4060 2.5660 1.4080 5.4170 1.9790 
1.9490 7.9510 9.4210 0.0000 3.9280 5.0550 7.9140 10.7920 5.4180 7.5470 
3.0690 9.1110 8.5600 3.9280 0.0000 5.2490 6.2740 9.6990 3.1980 6.6050 
3.2930 3.9000 4.4060 5.0550 5.2490 0.0000 3.5220 5.8020 3.1260 2.6830 
5.9660 5.7490 2.5660 7.9140 6.2740 3.5220 0.0000 3.4660 3.0770 1.3290 
8.9060 5.6400 1.4080 10.7920 9.6990 5.8020 3.4660 0.0000 6.5090 3.2690 
3.5640 6.8760 5.4170 5.4180 3.1980 3.1260 3.0770 6.5090 0.0000 3.5150 
5.6440 4.4210 1.9790 7.5470 6.6050 2.6830 1.3290 3.2690 3.5150 0.0000 
734.1030 1.5680 366.4000 354.5910 978.6040 975.3490 290.5270 535.2230 462.7080 357.1220 895.9710 445.4480 619.6690 12.6730 838.0220 
895.2690 97.8100 384.8390 735.9830 1435.3910 1357.0810 721.8450 718.0400 830.2700 525.9950 1332.8310 829.2670 1068.0410 347.8490 857.1140 
1 1 1 0 1 1 1 0 1 0 
0 1 0 0 1 1 0 0 0 0 
1 1 1 1 1 1 1 0 0 0 
0 1 1 0 0 0 1 0 1 1 
0 1 1 0 1 1 1 0 0 1 
1 1 0 0 1 0 1 0 0 1 
1 1 0 0 1 1 0 1 0 0 
1 1 1 1 0 1 0 0 1 1 
1 0 0 0 1 0 1 0 0 1 
0 1 0 1 1 1 1 0 1 1 
0 1 0 1 1 0 0 0 0 1 
1 0 1 0 1 0 1 1 1 0 
1 1 0 1 1 0 0 0 0 1 
1 0 0 0 1 0 1 0 1 0 
1 1 1 1 1 0 1 0 1 1 
