10
15
5536
1.000000
0.100000
211.633986
0.0000 4.1230 3.6880 5.7250 6.5020 7.3850 8.4000 5.1750 1.0940 2.6280 
4.1230 0.0000 0.9200 4.0990 5.3420 5.3140 4.5520 4.9560 3.5470 2.6210 
3.6880 0.9200 0.0000 4.8760 6.0910 6.1770 5.3870 5.5330 3.3460 2.8420 
5.7250 4.0990 4.8760 0.0000 1.2590 1.6640 4.5250 1.7470 4.6370 3.1380 
6.5020 5.3420 6.0910 1.2590 0.0000 1.5280 5.3790 1.5660 5.4110 4.0590 
7.3850 5.3140 6.1770 1.6640 1.5280 0.0000 4.1350 2.9760 6.3000 4.7830 
8.4000 4.5520 5.3870 4.5250 5.3790 4.1350 0.0000 6.2610 7.5460 6.0680 
5.1750 4.9560 5.5330 1.7470 1.5660 2.9760 6.2610 0.0000 4.1100 3.0080 
1.0940 3.5470 3.3460 4.6370 5.4110 6.3000 7.5460 4.1100 0.0000 1.5840 
2.6280 2.6210 2.8420 3.1380 4.0590 4.7830 6.0680 3.0080 1.5840 0.0000 
777.4670 258.3400 376.8330 731.7560 610.2040 969.2860 880.1990 271.6840 382.5380 143.1710 606.7840 87.4440 494.9940 765.5380 24.9640 
829.4640 659.6400 860.4620 1192.3450 751.0460 1457.0310 918.5660 536.7940 473.3650 553.4090 837.9510 482.4270 926.0920 806.5360 136.6290 
1 1 1 1 0 1 1 0 1 0 
0 0 0 0 1 0 0 0 0 1 
1 0 1 1 1 0 1 1 1 1 
1 1 1 1 0 1 0 0 0 1 
1 1 1 0 0 1 0 1 0 1 
0 1 1 1 1 0 1 1 1 1 
1 1 1 1 1 0 1 1 1 1 
0 1 0 0 1 0 0 0 0 1 
1 1 1 1 1 1 1 1 1 1 
1 0 0 0 0 0 1 0 0 1 
1 1 1 0 1 1 1 1 1 1 
0 0 0 1 0 0 0 1 1 1 
0 1 0 1 1 1 0 0 1 0 
1 1 1 0 0 1 1 1 1 1 
0 0 0 0 1 0 0 0 0 1 
