10
15
1692
1.000000
0.100000
64.571706
0.0000 7.0140 9.9780 6.0830 7.6610 6.4470 7.8990 5.9870 7.0480 3.4810 
7.0140 0.0000 8.8260 1.7950 7.7360 6.5920 7.5290 2.1800 4.5220 5.2150 
9.9780 8.8260 0.0000 7.2370 2.3900 3.5350 2.0820 6.8800 4.3460 6.6520 
6.0830 1.7950 7.2370 0.0000 5.9760 4.8030 5.7980 0.3880 2.8900 3.6440 
7.6610 7.7360 2.3900 5.9760 0.0000 1.3600 0.4880 5.5900 3.3540 4.4740 
6.4470 6.5920 3.5350 4.8030 1.3600 0.0000 1.4700 4.4150 2.5230 3.1480 
7.8990 7.5290 2.0820 5.7980 0.4880 1.4700 0.0000 5.4150 3.0680 4.6150 
5.9870 2.1800 6.8800 0.3880 5.5900 4.4150 5.4150 0.0000 2.5380 3.3720 
7.0480 4.5220 4.3460 2.8900 3.3540 2.5230 3.0680 2.5380 0.0000 3.6360 
3.4810 5.2150 6.6520 3.6440 4.4740 3.1480 4.6150 3.3720 3.6360 0.0000 
842.7360 261.5520 136.0110 196.1640 869.9940 186.2810 212.4520 780.3870 72.6620 228.6680 260.1950 649.1920 573.5620 935.7240 559.0370 
1096.3630 329.8800 542.6760 556.8370 1057.1750 578.5340 442.4010 1083.9210 435.7940 723.7070 586.2000 1004.8390 727.4910 1288.3040 671.3640 
1 0 1 0 1 1 1 1 1 0 
1 1 1 0 1 1 1 1 1 1 
0 1 0 1 0 0 0 0 1 0 
1 1 0 0 0 0 0 0 0 0 
0 1 1 1 0 1 1 1 1 0 
0 0 1 0 0 0 0 0 0 1 
1 0 0 1 1 0 0 1 1 1 
1 0 0 0 0 1 0 1 1 1 
1 0 0 1 0 1 0 0 0 0 
0 1 1 0 1 1 0 0 1 1 
1 1 0 0 0 0 0 1 1 0 
1 1 0 0 0 1 0 0 1 1 
1 0 1 1 1 1 0 0 1 1 
1 1 0 1 1 0 1 1 1 1 
0 0 1 0 1 1 1 1 1 1 
