10
15
4497
1.000000
0.100000
124.373794
0.0000 5.0960 2.5360 4.1660 3.4010 3.9500 3.1690 4.8540 4.5300 2.3620 
5.0960 0.0000 7.3950 4.1890 8.3290 8.4560 5.9650 3.6940 2.0980 3.2220 
2.5360 7.3950 0.0000 5.1320 2.7930 1.5510 4.9790 7.3460 6.3420 4.2660 
4.1660 4.1890 5.1320 0.0000 7.3230 5.5060 6.9400 6.7250 2.1590 2.2320 
3.4010 8.3290 2.7930 7.3230 0.0000 3.9920 3.6520 6.9370 7.9300 5.7570 
3.9500 8.4560 1.5510 5.5060 3.9920 0.0000 6.5290 8.8030 7.1090 5.2380 
3.1690 5.9650 4.9790 6.9400 3.6520 6.5290 0.0000 3.4830 6.4810 4.7510 
4.8540 3.6940 7.3460 6.7250 6.9370 8.8030 3.4830 0.0000 5.2380 4.6940 
4.5300 2.0980 6.3420 2.1590 7.9300 7.1090 6.4810 5.2380 0.0000 2.1800 
2.3620 3.2220 4.2660 2.2320 5.7570 5.2380 4.7510 4.6940 2.1800 0.0000 
835.9030 463.5510 958.8910 779.9550 16.7090 983.2890 695.6980 949.5840 49.3690 965.7290 77.6140 122.5640 962.4560 231.0040 900.6890 
1329.5620 794.9440 1252.5850 884.4990 329.2090 1126.6350 1062.2310 1422.6640 458.6940 1441.5230 506.8120 369.7940 1313.7600 562.3670 1275.7060 
1 1 1 0 0 0 0 0 1 0 
0 1 1 0 0 0 0 1 0 1 
0 1 1 1 1 0 1 1 1 1 
1 1 1 1 1 1 1 1 1 1 
1 1 1 0 0 1 0 0 0 0 
1 1 1 1 1 1 1 0 1 0 
0 0 1 0 1 1 1 1 0 1 
1 1 1 1 1 0 1 1 1 0 
0 1 1 0 0 1 0 0 1 0 
1 1 1 1 0 1 1 0 1 1 
0 0 1 0 0 0 0 1 1 0 
0 0 1 1 0 0 1 0 0 1 
1 1 1 0 0 0 0 1 1 0 
1 0 0 1 1 1 1 1 0 1 
1 1 1 0 1 1 0 1 0 1 
