10
10
4441
1.000000
0.100000
70.391357
0.0000 6.7700 1.4100 6.2510 4.3360 3.8320 4.7930 2.4340 4.9100 7.4050 
6.7700 0.0000 7.2430 2.1790 3.9930 3.9860 6.3990 4.3370 2.2310 7.9800 
1.4100 7.2430 0.0000 7.1150 5.4670 3.6860 6.1820 3.0680 5.6780 8.8050 
6.2510 2.1790 7.1150 0.0000 2.3610 4.7520 4.5070 4.0540 1.4800 5.8260 
4.3360 3.9930 5.4670 2.3610 0.0000 4.3880 2.4490 2.7440 1.8290 4.5430 
3.8320 3.9860 3.6860 4.7520 4.3880 0.0000 6.4040 2.0800 3.3530 8.8550 
4.7930 6.3990 6.1820 4.5070 2.4490 6.4040 0.0000 4.4070 4.2780 2.6410 
2.4340 4.3370 3.0680 4.0540 2.7440 2.0800 4.4070 0.0000 2.6100 6.9510 
4.9100 2.2310 5.6780 1.4800 1.8290 3.3530 4.2780 2.6100 0.0000 6.1940 
7.4050 7.9800 8.8050 5.8260 4.5430 8.8550 2.6410 6.9510 6.1940 0.0000 
827.6750 434.8760 172.3320 843.1180 890.8550 92.0230 835.9280 214.8740 756.3640 852.4040 
945.8270 732.2130 663.3710 955.7870 1184.2510 157.7410 1041.8910 412.6850 902.2100 1098.4960 
1 1 1 1 1 1 0 1 1 1 
1 1 1 1 0 0 0 1 1 1 
1 0 0 1 0 1 0 1 0 0 
1 1 1 0 1 1 1 1 1 1 
1 1 1 0 1 0 0 1 1 0 
0 1 0 0 0 1 0 0 0 1 
1 0 1 1 1 1 1 1 1 1 
0 1 0 0 0 1 0 0 1 1 
1 1 0 1 1 1 1 1 1 0 
1 1 1 1 1 1 0 1 1 1 
