10
10
4232
1.000000
0.100000
208.739117
0.0000 3.2960 4.8220 2.2420 11.0040 0.9290 7.6070 7.8610 9.0340 9.9290 
3.2960 0.0000 4.9750 5.0150 9.5140 3.5600 6.2630 7.9850 8.5860 8.6130 
4.8220 4.9750 0.0000 4.0220 6.5770 4.0080 3.4220 3.1370 4.2140 5.4350 
2.2420 5.0150 4.0220 0.0000 10.5950 1.5090 7.3470 6.6000 8.0420 9.4560 
11.0040 9.5140 6.5770 10.5950 0.0000 10.3530 3.4030 5.1030 3.4730 1.1510 
0.9290 3.5600 4.0080 1.5090 10.3530 0.0000 6.9810 6.9880 8.2190 9.2540 
7.6070 6.2630 3.4220 7.3470 3.4030 6.9810 0.0000 3.5080 2.9210 2.3800 
7.8610 7.9850 3.1370 6.6000 5.1030 6.9880 3.5080 0.0000 1.7100 4.0460 
9.0340 8.5860 4.2140 8.0420 3.4730 8.2190 2.9210 1.7100 0.0000 2.5120 
9.9290 8.6130 5.4350 9.4560 1.1510 9.2540 2.3800 4.0460 2.5120 0.0000 
246.7740 806.5020 918.9960 428.4510 566.1800 180.2180 769.3340 838.7660 232.5360 654.6170 
264.1880 1031.6660 1251.8720 659.5920 1039.5290 195.3890 930.2680 1220.9680 509.7120 850.4130 
1 1 1 1 1 0 1 0 1 1 
1 1 0 1 1 1 1 1 1 1 
1 1 0 1 1 1 0 0 0 1 
1 0 0 1 1 0 1 1 0 1 
0 0 0 0 0 0 1 1 0 0 
0 0 1 0 1 0 1 0 1 1 
1 1 1 1 1 0 0 0 0 0 
0 1 1 0 0 1 0 0 1 1 
0 0 1 0 0 0 1 0 0 0 
1 1 1 0 1 1 0 0 1 1 
