10
15
1498
1.000000
0.100000
31.081283
0.0000 4.6180 3.5330 8.6090 10.4730 4.7660 5.7660 1.3770 3.1380 8.5210 
4.6180 0.0000 7.7380 9.1690 9.8930 8.6660 7.8180 5.9940 3.4330 4.1140 
3.5330 7.7380 0.0000 7.5700 10.0280 1.3640 4.1700 2.5090 4.9250 11.1640 
8.6090 9.1690 7.5700 0.0000 2.7000 6.8950 3.4050 8.8370 6.2490 9.8060 
10.4730 9.8930 10.0280 2.7000 0.0000 9.4890 5.9510 10.9510 7.6530 9.3700 
4.7660 8.6660 1.3640 6.8950 9.4890 0.0000 3.5400 3.8530 5.5610 11.8100 
5.7660 7.8180 4.1700 3.4050 5.9510 3.5400 0.0000 5.6840 4.4020 9.8750 
1.3770 5.9940 2.5090 8.8370 10.9510 3.8530 5.6840 0.0000 4.1430 9.8570 
3.1380 3.4330 4.9250 6.2490 7.6530 5.5610 4.4020 4.1430 0.0000 6.2630 
8.5210 4.1140 11.1640 9.8060 9.3700 11.8100 9.8750 9.8570 6.2630 0.0000 
752.6520 351.1260 328.6080 784.9820 83.1790 700.1430 4.4620 892.1070 46.7340 379.9550 163.3700 718.0640 136.6460 612.2400 35.5040 
792.4300 414.5000 765.2970 1023.2540 455.1090 850.1120 473.1880 1214.1620 72.4040 389.1330 275.9920 778.6210 225.2940 1035.1150 454.2550 
1 1 1 0 1 1 1 1 1 1 
1 0 1 1 1 1 0 0 1 1 
0 0 0 1 0 1 1 1 1 1 
1 1 0 1 0 1 1 1 1 1 
0 0 1 0 1 0 0 1 1 1 
1 1 1 1 1 0 1 1 1 1 
0 0 0 1 0 0 1 0 0 1 
1 1 1 1 0 0 1 1 1 0 
1 1 0 1 1 0 1 1 1 1 
1 1 1 0 1 1 1 0 0 0 
1 1 0 1 1 1 1 1 1 0 
1 1 0 1 1 1 1 1 1 1 
0 1 0 1 1 0 1 1 1 0 
1 1 1 1 0 0 1 1 0 1 
1 0 0 0 0 1 0 0 0 0 
