10
15
7065
1.000000
0.100000
197.773706
0.0000 3.2080 2.8910 4.6330 5.4620 3.4590 6.3900 5.4400 5.8200 2.3980 
3.2080 0.0000 6.0770 5.2480 5.6060 3.2330 6.8520 3.7920 6.6970 4.5070 
2.8910 6.0770 0.0000 6.1690 7.1490 5.8030 7.6900 8.0150 6.8790 3.5450 
4.6330 5.2480 6.1690 0.0000 0.9930 2.0360 1.7720 3.4310 1.4500 2.6380 
5.4620 5.6060 7.1490 0.9930 0.0000 2.4110 1.2780 3.0570 1.5550 3.6080 
3.4590 3.2330 5.8030 2.0360 2.4110 0.0000 3.6290 2.2750 3.4840 2.5820 
6.3900 6.8520 7.6900 1.7720 1.2780 3.6290 0.0000 4.2470 0.9290 4.2620 
5.4400 3.7920 8.0150 3.4310 3.0570 2.2750 4.2470 0.0000 4.5920 4.8500 
5.8200 6.6970 6.8790 1.4500 1.5550 3.4840 0.9290 4.5920 0.0000 3.5590 
2.3980 4.5070 3.5450 2.6380 3.6080 2.5820 4.2620 4.8500 3.5590 0.0000 
253.4330 887.0800 468.4920 850.7130 393.1770 77.4090 815.7410 665.8460 790.5530 640.1660 925.5790 816.1580 249.8680 906.1390 678.3230 
515.7520 1009.8880 527.0560 1194.7050 874.1050 358.6710 1157.2560 751.9030 934.1950 955.9580 1084.3470 820.9730 405.5520 1127.0890 950.6630 
1 1 0 0 1 0 0 1 0 0 
1 1 1 1 1 0 1 1 1 1 
1 1 1 0 1 1 1 1 1 1 
0 1 1 0 0 1 1 0 1 1 
0 0 1 1 1 1 0 0 0 0 
1 0 1 0 0 1 1 0 0 1 
1 1 1 0 1 0 1 1 1 0 
0 0 1 1 1 1 1 1 1 1 
1 0 1 1 0 0 0 1 1 1 
1 1 0 0 1 0 1 1 1 0 
1 0 0 1 0 1 1 1 1 1 
1 1 1 1 1 1 1 1 1 0 
1 1 1 0 1 1 0 1 0 0 
0 1 1 0 1 1 1 1 1 0 
1 1 0 1 1 1 0 1 1 0 
