10
10
3338
1.000000
0.100000
165.355555
0.0000 7.5850 8.9350 4.3560 6.1030 4.7520 3.4620 6.8360 4.9110 2.2060 
7.5850 0.0000 2.7460 5.4470 1.4820 4.1940 4.3690 3.8170 3.4280 9.5620 
8.9350 2.7460 0.0000 7.8580 3.5510 4.4400 5.4730 6.5560 4.0440 10.5740 
4.3560 5.4470 7.8580 0.0000 4.3070 5.5360 4.0470 2.8470 5.0090 6.5120 
6.1030 1.4820 3.5510 4.3070 0.0000 3.0850 2.9420 3.4380 2.2620 8.0910 
4.7520 4.1940 4.4400 5.5360 3.0850 0.0000 1.6100 6.0670 0.8250 6.1670 
3.4620 4.3690 5.4730 4.0470 2.9420 1.6100 0.0000 5.1030 1.4780 5.2390 
6.8360 3.8170 6.5560 2.8470 3.4380 6.0670 5.1030 0.0000 5.2940 9.0420 
4.9110 3.4280 4.0440 5.0090 2.2620 0.8250 1.4780 5.2940 0.0000 6.5490 
2.2060 9.5620 10.5740 6.5120 8.0910 6.1670 5.2390 9.0420 6.5490 0.0000 
53.5140 637.1410 993.2610 335.0270 629.7080 264.9690 186.3120 532.0590 431.5040 386.1540 
151.5930 880.6960 1350.2120 368.6660 1019.5290 428.2150 392.9210 761.9190 531.8140 875.6500 
0 0 1 0 0 0 1 1 0 0 
1 0 1 0 1 1 0 1 0 1 
0 0 1 1 1 1 0 1 1 1 
1 1 1 1 1 1 1 1 1 1 
1 1 1 0 0 1 1 1 0 0 
1 0 0 1 0 1 1 0 0 1 
0 0 1 1 1 0 0 0 1 1 
1 1 0 1 1 1 1 1 1 1 
1 0 1 1 1 1 0 1 1 1 
0 1 0 0 0 0 0 0 1 1 
