10
10
1016
1.000000
0.100000
40.618385
0.0000 1.8550 1.8680 5.9290 7.7950 5.4810 3.2010 8.6000 4.0360 3.9430 
1.8550 0.0000 2.7470 4.7280 6.1850 4.7060 2.6230 6.7640 4.2550 2.3770 
1.8680 2.7470 0.0000 7.4150 8.9110 7.1750 2.1410 8.7320 2.2360 3.7690 
5.9290 4.7280 7.4150 0.0000 2.6740 1.4320 7.0940 6.5680 8.9270 5.6740 
7.7950 6.1850 8.9110 2.6740 0.0000 4.0900 7.9650 4.7880 9.9280 6.1000 
5.4810 4.7060 7.1750 1.4320 4.0900 0.0000 7.2770 7.8600 8.9540 6.1950 
3.2010 2.6230 2.1410 7.0940 7.9650 7.2770 0.0000 6.8710 1.9690 2.0260 
8.6000 6.7640 8.7320 6.5680 4.7880 7.8600 6.8710 0.0000 8.6050 4.9660 
4.0360 4.2550 2.2360 8.9270 9.9280 8.9540 1.9690 8.6050 0.0000 3.9590 
3.9430 2.3770 3.7690 5.6740 6.1000 6.1950 2.0260 4.9660 3.9590 0.0000 
447.4230 716.4540 364.1200 890.2290 164.6480 148.0380 483.5180 336.7590 141.6630 370.6510 
754.7610 1011.3650 829.9900 1050.8720 625.4070 271.2650 680.6550 588.3710 283.1180 403.4740 
0 0 0 1 1 0 1 1 0 0 
1 1 0 0 0 1 1 0 1 0 
0 1 1 0 0 0 1 1 1 0 
1 1 1 1 1 1 0 1 1 1 
1 0 0 1 0 1 0 0 0 0 
1 1 1 1 1 0 1 0 0 1 
0 1 0 0 0 0 1 1 1 0 
0 1 0 1 1 0 1 0 1 0 
0 0 0 1 0 1 0 1 0 1 
1 1 1 1 0 1 0 1 1 1 
