10
10
1511
1.000000
0.100000
40.002768
0.0000 5.0820 6.7410 5.6550 1.4870 5.1160 8.8800 7.0700 8.2250 5.9510 
5.0820 0.0000 8.5210 2.7890 3.7100 1.2570 8.7790 4.3110 9.1520 9.3900 
6.7410 8.5210 0.0000 6.4170 6.4350 7.4870 3.3250 6.2670 1.7970 2.8860 
5.6550 2.7890 6.4170 0.0000 4.1990 1.5340 6.0830 1.6510 6.6870 7.9870 
1.4870 3.7100 6.4350 4.1990 0.0000 3.6370 8.0710 5.6730 7.6920 6.3120 
5.1160 1.2570 7.4870 1.5340 3.6370 0.0000 7.5450 3.0980 7.9940 8.6340 
8.8800 8.7790 3.3250 6.0830 8.0710 7.5450 0.0000 5.0940 1.7840 6.2110 
7.0700 4.3110 6.2670 1.6510 5.6730 3.0980 5.0940 0.0000 6.0840 8.3460 
8.2250 9.1520 1.7970 6.6870 7.6920 7.9940 1.7840 6.0840 0.0000 4.5910 
5.9510 9.3900 2.8860 7.9870 6.3120 8.6340 6.2110 8.3460 4.5910 0.0000 
794.1600 827.6580 466.8270 546.4800 758.4970 915.2960 58.2980 588.7570 266.0560 821.2340 
1108.8790 909.6680 816.1890 569.4000 893.8700 1278.3040 363.8800 722.3920 278.3770 1049.1630 
0 1 1 1 1 0 0 0 1 1 
1 1 0 1 1 1 1 1 1 1 
1 0 1 1 0 1 1 1 1 1 
1 0 1 1 0 1 0 1 0 1 
1 1 1 1 1 1 1 1 1 1 
1 0 1 1 1 1 1 1 1 0 
0 0 0 1 0 0 0 0 0 1 
1 1 1 1 0 1 1 1 1 1 
1 1 1 1 1 0 1 1 1 1 
1 1 1 1 1 1 1 0 0 1 
