10
15
4634
1.000000
0.100000
421.584744
0.0000 2.2400 5.7450 5.9990 2.4370 3.0430 8.0560 8.5740 7.0210 3.1190 
2.2400 0.0000 4.2890 6.5090 0.6150 2.4700 5.8500 7.0850 4.9890 0.8810 
5.7450 4.2890 0.0000 5.2080 3.7110 6.6610 4.3860 2.8410 6.5760 3.9910 
5.9990 6.5090 5.2080 0.0000 6.0110 8.6910 9.5640 6.6300 10.9120 6.9600 
2.4370 0.6150 3.7110 6.0110 0.0000 3.0850 5.6370 6.5270 5.2180 1.0120 
3.0430 2.4700 6.6610 8.6910 3.0850 0.0000 7.1320 9.3740 4.7400 2.6950 
8.0560 5.8500 4.3860 9.5640 5.6370 7.1320 0.0000 4.8850 3.9350 5.0100 
8.5740 7.0850 2.8410 6.6300 6.5270 9.3740 4.8850 0.0000 8.2800 6.6790 
7.0210 4.9890 6.5760 10.9120 5.2180 4.7400 3.9350 8.2800 0.0000 4.2110 
3.1190 0.8810 3.9910 6.9600 1.0120 2.6950 5.0100 6.6790 4.2110 0.0000 
259.1570 938.4610 923.1490 658.2970 140.2970 547.4970 803.5940 646.1760 919.9200 941.0490 648.1700 539.8560 417.1160 805.8740 78.0990 
625.6750 1384.0030 1204.8210 904.0400 345.9640 915.7900 1025.6510 1051.7910 940.6170 1390.6970 897.0930 998.5910 626.7230 1272.3460 415.0460 
0 0 0 0 0 1 1 1 0 1 
1 0 0 1 0 1 1 0 1 0 
0 1 1 1 0 0 1 1 1 0 
1 0 0 0 1 1 0 0 0 0 
1 0 1 1 0 0 0 1 0 1 
0 0 1 1 1 1 0 1 1 1 
0 1 1 1 1 1 1 1 0 0 
1 0 1 0 1 1 1 0 1 1 
1 1 1 1 1 1 1 1 1 1 
1 0 1 1 0 0 1 0 0 1 
0 1 1 0 1 1 0 1 0 0 
1 0 0 0 1 0 1 1 1 1 
1 1 1 1 0 1 1 1 0 1 
1 1 1 1 1 1 1 1 1 0 
1 0 1 1 0 1 0 0 0 0 
