10
10
2435
1.000000
0.100000
49.440405
0.0000 7.7780 6.3920 3.1350 4.7790 6.0740 8.0610 6.5500 6.3930 7.2430 
7.7780 0.0000 2.4000 8.5220 10.5630 5.6750 7.8340 1.2290 2.7450 8.1410 
6.3920 2.4000 0.0000 7.9700 8.3940 3.2830 5.5520 1.8430 3.8790 5.7660 
3.1350 8.5220 7.9700 0.0000 7.7350 8.6890 10.9280 7.3770 6.2630 10.2210 
4.7790 10.5630 8.3940 7.7350 0.0000 6.0060 6.4430 9.4800 10.2150 5.2830 
6.0740 5.6750 3.2830 8.6890 6.0060 0.0000 2.5320 5.0250 6.7710 2.4960 
8.0610 7.8340 5.5520 10.9280 6.4430 2.5320 0.0000 7.3790 9.2470 1.1690 
6.5500 1.2290 1.8430 7.3770 9.4800 5.0250 7.3790 0.0000 2.1430 7.5210 
6.3930 2.7450 3.8790 6.2630 10.2150 6.7710 9.2470 2.1430 0.0000 9.2230 
7.2430 8.1410 5.7660 10.2210 5.2830 2.4960 1.1690 7.5210 9.2230 0.0000 
425.3810 620.2620 28.7980 884.9450 483.3190 323.9670 150.5090 891.0550 791.0490 269.2860 
835.5060 772.0780 109.1720 984.8770 779.1420 518.6690 323.5270 1078.8550 1145.3570 658.3790 
1 1 0 0 0 0 1 1 0 1 
1 1 0 1 0 1 0 0 1 1 
0 0 0 0 0 1 0 0 0 0 
1 1 1 1 1 1 0 1 1 1 
0 0 1 1 1 0 0 0 1 0 
1 1 0 1 1 0 0 0 1 1 
1 0 1 0 0 1 0 0 1 0 
1 1 1 1 0 0 0 1 1 1 
1 1 0 1 1 1 1 1 0 0 
1 0 0 0 0 0 0 0 0 0 
