10
15
6351
1.000000
0.100000
217.882299
0.0000 4.4810 7.0970 3.0430 4.8380 3.3080 2.5810 5.6370 6.2530 5.3420 
4.4810 0.0000 11.2430 7.3370 3.9980 2.9500 6.1340 7.4710 7.5850 9.6920 
7.0970 11.2430 0.0000 5.8760 9.3210 10.3490 5.1480 6.2230 7.0430 2.0300 
3.0430 7.3370 5.8760 0.0000 7.7110 5.2910 3.9230 7.3260 8.1300 3.8460 
4.8380 3.9980 9.3210 7.7110 0.0000 5.9460 4.5260 3.9820 3.8240 8.3710 
3.3080 2.9500 10.3490 5.2910 5.9460 0.0000 5.7940 8.3310 8.7370 8.4960 
2.5810 6.1340 5.1480 3.9230 4.5260 5.7940 0.0000 3.4300 4.2100 3.8810 
5.6370 7.4710 6.2230 7.3260 3.9820 8.3310 3.4300 0.0000 0.8870 6.0370 
6.2530 7.5850 7.0430 8.1300 3.8240 8.7370 4.2100 0.8870 0.0000 6.9210 
5.3420 9.6920 2.0300 3.8460 8.3710 8.4960 3.8810 6.0370 6.9210 0.0000 
918.2970 396.3260 711.6600 920.4290 811.0590 555.7900 654.3370 792.7520 16.1700 337.7410 750.1900 552.2970 151.6590 253.0840 645.6440 
1016.2480 616.1910 817.5610 1382.5250 1011.1670 902.0150 1027.8590 1119.7200 356.0600 682.0020 925.3990 891.9190 240.3300 339.3340 908.7090 
1 0 1 0 0 0 1 1 0 1 
0 1 1 1 1 1 1 1 1 0 
1 1 1 1 1 1 0 1 1 1 
0 1 1 1 1 0 1 0 0 0 
1 0 1 1 1 1 1 0 1 1 
1 1 1 0 1 1 0 1 0 1 
1 0 0 0 1 1 1 1 1 0 
1 0 1 1 1 1 1 1 1 1 
0 0 0 0 0 0 0 0 1 1 
0 0 0 0 1 1 0 1 1 1 
1 1 1 0 1 1 1 0 1 1 
1 1 1 1 0 1 1 0 0 1 
1 1 1 1 1 1 1 1 0 0 
1 0 1 1 0 1 1 0 0 0 
0 1 0 1 1 1 1 0 1 0 
