10
15
6203
1.000000
0.100000
494.331845
0.0000 6.1150 7.6110 6.0400 9.6260 9.1140 7.5130 5.9430 7.0780 5.5860 
6.1150 0.0000 3.4990 3.0520 3.8840 3.7610 8.9130 3.6160 8.5240 2.5710 
7.6110 3.4990 0.0000 1.5930 2.9410 2.0230 6.8870 1.9160 6.6080 2.0370 
6.0400 3.0520 1.5930 0.0000 4.2110 3.4190 6.0780 0.6120 5.7300 0.6240 
9.6260 3.8840 2.9410 4.2110 0.0000 0.9730 9.8100 4.7140 9.5420 4.3410 
9.1140 3.7610 2.0230 3.4190 0.9730 0.0000 8.8540 3.8730 8.5950 3.6450 
7.5130 8.9130 6.8870 6.0780 9.8100 8.8540 0.0000 5.4650 0.4490 6.3930 
5.9430 3.6160 1.9160 0.6120 4.7140 3.8730 5.4650 0.0000 5.1190 1.0660 
7.0780 8.5240 6.6080 5.7300 9.5420 8.5950 0.4490 5.1190 0.0000 6.0210 
5.5860 2.5710 2.0370 0.6240 4.3410 3.6450 6.3930 1.0660 6.0210 0.0000 
866.5270 470.5370 714.0480 448.4450 41.1230 878.7760 285.7560 881.0190 30.9620 575.4160 267.9470 899.8360 648.3770 725.8560 535.2340 
1221.3130 762.5450 799.8560 800.6670 306.0930 1207.3090 321.7490 1288.1710 522.6320 731.1870 746.0260 1112.0060 1080.0150 1223.3660 787.3090 
1 1 1 1 1 1 0 0 1 1 
1 1 1 0 1 0 1 1 0 1 
1 1 1 1 1 0 0 1 1 1 
0 1 1 1 1 1 1 1 1 1 
1 0 0 0 1 0 0 0 1 0 
1 1 0 1 0 1 1 1 1 0 
1 0 1 0 1 0 1 1 1 1 
1 1 1 1 1 1 1 0 0 1 
0 0 0 0 0 0 0 0 0 1 
1 0 1 0 1 1 1 1 1 0 
1 1 1 1 1 1 0 1 0 0 
0 1 0 0 1 0 1 1 1 1 
1 1 0 0 0 1 0 1 1 1 
1 1 1 1 1 1 1 1 1 1 
0 0 1 0 0 1 1 1 0 0 
