10
15
5315
1.000000
0.100000
175.402732
0.0000 3.3480 5.9920 4.7000 6.3570 7.0230 8.8600 8.2660 7.5060 6.3050 
3.3480 0.0000 2.6440 1.4920 3.0310 5.2460 5.5400 5.8560 4.2940 3.1490 
5.9920 2.6440 0.0000 1.5810 0.6770 5.0400 2.9890 4.8990 2.0290 1.4050 
4.7000 1.4920 1.5810 0.0000 1.7140 5.7560 4.1760 4.5400 3.5700 2.6740 
6.3570 3.0310 0.6770 1.7140 0.0000 5.6860 2.5090 4.2780 2.3270 1.9910 
7.0230 5.2460 5.0400 5.7560 5.6860 0.0000 7.0740 9.9350 4.1710 3.7280 
8.8600 5.5400 2.9890 4.1760 2.5090 7.0740 0.0000 4.3690 2.9090 3.5890 
8.2660 5.8560 4.8990 4.5400 4.2780 9.9350 4.3690 0.0000 6.3850 6.2680 
7.5060 4.2940 2.0290 3.5700 2.3270 4.1710 2.9090 6.3850 0.0000 1.2100 
6.3050 3.1490 1.4050 2.6740 1.9910 3.7280 3.5890 6.2680 1.2100 0.0000 
792.8310 885.2060 275.8560 580.5410 788.3210 846.5160 652.7250 302.7270 507.7070 915.1200 939.5570 960.4160 554.4160 669.5250 956.9800 
1136.3160 1032.3030 349.4060 931.7640 1101.0610 1097.7220 1149.9450 625.2870 745.5700 1183.1160 1351.2580 1053.6530 714.3510 803.6120 1179.6940 
0 1 1 1 1 1 1 0 1 0 
1 1 1 0 1 1 1 0 1 0 
0 0 1 1 1 0 1 0 1 1 
1 1 0 0 0 1 0 1 0 0 
1 1 0 1 1 1 0 0 1 0 
0 1 0 1 0 1 1 1 1 1 
0 0 0 1 0 0 0 0 0 1 
0 0 0 1 0 0 0 1 1 1 
1 0 1 1 1 0 1 1 0 1 
0 0 1 0 1 0 1 1 0 1 
0 1 0 1 0 0 0 0 1 1 
1 1 1 1 1 0 1 1 1 1 
0 0 1 1 1 1 1 1 0 1 
1 1 0 1 1 0 1 0 0 0 
1 1 1 1 1 0 1 1 1 1 
