10
10
2774
1.000000
0.100000
86.888093
0.0000 3.6380 6.0280 4.4970 4.7890 3.3600 2.9180 1.7790 3.1340 2.7950 
3.6380 0.0000 7.4330 7.6510 5.3270 3.3000 6.4120 5.3710 1.5110 3.8840 
6.0280 7.4330 0.0000 4.0830 10.8040 9.1590 7.4140 5.5680 8.1280 3.6720 
4.4970 7.6510 4.0830 0.0000 8.8020 7.7800 4.1550 2.9620 7.5620 4.2730 
4.7890 5.3270 10.8040 8.8020 0.0000 2.0430 5.0990 5.8570 3.8180 7.3450 
3.3600 3.3000 9.1590 7.7800 2.0430 0.0000 4.8080 4.8570 1.7900 5.5630 
2.9180 6.4120 7.4140 4.1550 5.0990 4.8080 0.0000 1.9320 5.5180 5.2030 
1.7790 5.3710 5.5680 2.9620 5.8570 4.8570 1.9320 0.0000 4.9010 3.3440 
3.1340 1.5110 8.1280 7.5620 3.8180 1.7900 5.5180 4.9010 0.0000 4.4570 
2.7950 3.8840 3.6720 4.2730 7.3450 5.5630 5.2030 3.3440 4.4570 0.0000 
257.9330 358.2080 695.8540 446.0770 575.3380 940.2240 696.7620 613.6180 946.9970 16.2260 
444.5250 475.8860 718.1810 692.6590 828.5230 1436.2310 1190.0040 832.1980 1229.2100 340.6800 
1 1 0 1 1 0 0 1 1 0 
1 1 0 1 0 1 0 1 1 0 
1 1 1 1 0 1 1 1 1 1 
1 0 1 1 1 0 1 1 0 1 
0 0 0 1 1 1 0 0 1 1 
1 1 1 1 1 0 0 0 1 0 
1 1 0 1 0 1 1 1 0 0 
1 1 1 1 1 1 1 1 1 1 
0 1 1 1 0 1 1 1 1 1 
0 0 0 1 0 1 0 1 0 0 
