10
15
2017
1.000000
0.100000
73.661189
0.0000 6.7700 2.5310 5.0870 4.2210 6.7180 1.2990 3.1000 4.1810 2.7320 
6.7700 0.0000 5.5990 6.1430 9.0830 12.7710 7.0710 6.3190 6.4030 7.3050 
2.5310 5.5990 0.0000 2.6040 3.5390 7.1800 3.7170 0.9600 1.8390 1.7090 
5.0870 6.1430 2.6040 0.0000 3.9260 7.8450 6.3130 2.0600 1.0400 3.0300 
4.2210 9.0830 3.5390 3.9260 0.0000 3.9380 5.4070 2.7680 3.0430 1.8690 
6.7180 12.7710 7.1800 7.8450 3.9380 0.0000 7.4420 6.5860 6.9810 5.4950 
1.2990 7.0710 3.7170 6.3130 5.4070 7.4420 0.0000 4.3730 5.4450 4.0220 
3.1000 6.3190 0.9600 2.0600 2.7680 6.5860 4.3730 0.0000 1.0850 1.1590 
4.1810 6.4030 1.8390 1.0400 3.0430 6.9810 5.4450 1.0850 0.0000 1.9900 
2.7320 7.3050 1.7090 3.0300 1.8690 5.4950 4.0220 1.1590 1.9900 0.0000 
341.7410 848.2130 45.8570 603.8880 448.6420 892.2350 222.3680 546.6930 963.6450 939.0290 776.3830 592.3520 482.6270 215.9060 144.4760 
480.0280 1104.4610 143.8980 1063.6800 842.9430 942.5780 637.8670 937.5510 1457.4510 1049.2210 1246.4530 713.3270 776.4350 619.6390 533.3350 
0 1 0 1 0 1 1 1 1 0 
1 0 1 0 0 0 1 1 1 1 
1 0 0 1 0 0 0 0 0 1 
0 0 1 1 1 1 1 0 0 1 
0 0 0 1 0 1 0 1 0 1 
1 1 1 1 1 1 1 1 0 0 
0 1 1 0 0 1 0 1 1 0 
1 0 1 1 1 0 1 1 1 1 
1 0 0 0 1 1 1 1 1 1 
1 1 0 1 1 1 1 1 1 1 
0 1 0 0 0 1 1 0 1 0 
1 1 1 1 1 1 1 1 1 0 
1 0 0 1 1 1 0 0 1 1 
1 0 1 0 0 1 0 1 0 0 
0 1 0 0 0 0 0 0 0 0 
