10
10
4040
1.000000
0.100000
249.554464
0.0000 2.5030 4.7740 0.6450 8.3950 6.6410 1.0400 7.0280 4.5010 7.7500 
2.5030 0.0000 2.2940 2.5840 8.8090 6.7820 3.3060 4.9210 5.5120 7.6650 
4.7740 2.2940 0.0000 4.8760 9.3520 7.2620 5.5990 3.1120 6.8150 7.8570 
0.6450 2.5840 4.8760 0.0000 9.0400 7.2810 0.7260 7.3390 5.1380 8.3830 
8.3950 8.8090 9.3520 9.0400 0.0000 2.0910 9.1630 8.3100 4.0040 1.8620 
6.6410 6.7820 7.2620 7.2810 2.0910 0.0000 7.5070 6.4000 2.7070 1.2010 
1.0400 3.3060 5.5990 0.7260 9.1630 7.5070 0.0000 8.0140 5.1880 8.6460 
7.0280 4.9210 3.1120 7.3390 8.3100 6.4000 8.0140 0.0000 7.1660 6.5180 
4.5010 5.5120 6.8150 5.1380 4.0040 2.7070 5.1880 7.1660 0.0000 3.9040 
7.7500 7.6650 7.8570 8.3830 1.8620 1.2010 8.6460 6.5180 3.9040 0.0000 
714.9870 12.4750 241.8780 956.2690 805.3440 639.3780 588.2690 699.0360 269.5120 458.6650 
1150.8720 33.7430 679.6450 1058.0050 1059.4920 771.2120 732.5570 934.7340 351.5460 882.0360 
1 0 0 0 0 1 1 1 1 1 
0 0 0 1 1 1 0 1 0 0 
0 1 0 1 1 0 0 0 0 0 
0 1 0 1 1 0 1 1 1 1 
0 0 0 1 1 1 1 1 1 1 
1 1 1 1 1 1 0 0 0 1 
1 0 1 0 1 1 1 1 1 1 
1 0 1 0 0 1 0 1 1 1 
0 1 0 1 1 0 1 1 0 0 
0 0 0 1 0 0 1 1 1 0 
