10
10
2035
1.000000
0.100000
130.206625
0.0000 4.2880 4.4890 6.0460 3.2930 5.5170 3.0490 2.0050 6.3220 3.5470 
4.2880 0.0000 0.5680 8.7510 3.0840 6.4170 6.9860 4.6980 9.5090 6.8980 
4.4890 0.5680 0.0000 9.2280 3.6140 6.9680 7.0320 5.0990 9.9480 6.8400 
6.0460 8.7510 9.2280 0.0000 5.7530 3.4140 7.2930 4.3290 1.2800 8.4870 
3.2930 3.0840 3.6140 5.7530 0.0000 3.3930 6.3200 2.2870 6.6310 6.8080 
5.5170 6.4170 6.9680 3.4140 3.3930 0.0000 7.9820 3.5440 4.6440 8.8790 
3.0490 6.9860 7.0320 7.2930 6.3200 7.9820 0.0000 4.5520 7.0120 1.2860 
2.0050 4.6980 5.0990 4.3290 2.2870 3.5440 4.5520 0.0000 4.8830 5.3550 
6.3220 9.5090 9.9480 1.2800 6.6310 4.6440 7.0120 4.8830 0.0000 8.2670 
3.5470 6.8980 6.8400 8.4870 6.8080 8.8790 1.2860 5.3550 8.2670 0.0000 
260.1160 331.1660 378.6070 480.8970 571.3280 766.3610 530.9720 471.7260 189.9420 88.2830 
260.8890 576.0970 726.7290 686.8330 630.9210 885.7810 743.0910 921.5820 684.5740 268.1230 
1 0 1 1 0 1 1 1 1 1 
1 1 1 0 1 1 0 1 1 0 
1 1 1 1 0 0 0 1 1 0 
0 1 1 0 1 1 1 0 1 1 
1 0 0 0 1 1 1 1 1 0 
0 1 0 1 1 1 1 0 0 1 
1 1 1 1 0 0 0 0 1 1 
0 0 0 1 0 1 1 1 1 1 
0 0 1 0 0 1 0 0 0 0 
0 0 1 1 0 0 0 0 1 1 
