10
15
4122
1.000000
0.100000
227.286503
0.0000 2.2670 6.0560 5.3460 3.6040 2.6010 3.1470 3.4860 4.2470 2.6800 
2.2670 0.0000 4.7910 3.3180 3.3150 0.8830 2.5780 2.0330 2.3730 2.5250 
6.0560 4.7910 0.0000 2.6720 8.0690 5.5340 2.9620 2.7720 2.6670 7.3160 
5.3460 3.3180 2.6720 0.0000 6.1570 3.7410 3.2290 2.1080 1.1460 5.6000 
3.6040 3.3150 8.0690 6.1570 0.0000 2.5360 5.7920 5.3400 5.4950 0.9420 
2.6010 0.8830 5.5340 3.7410 2.5360 0.0000 3.4600 2.8300 2.9730 1.8650 
3.1470 2.5780 2.9620 3.2290 5.7920 3.4600 0.0000 1.2160 2.1670 4.9110 
3.4860 2.0330 2.7720 2.1080 5.3400 2.8300 1.2160 0.0000 0.9830 4.5550 
4.2470 2.3730 2.6670 1.1460 5.4950 2.9730 2.1670 0.9830 0.0000 4.8230 
2.6800 2.5250 7.3160 5.6000 0.9420 1.8650 4.9110 4.5550 4.8230 0.0000 
907.3070 578.2420 848.6580 243.2880 356.7190 184.2600 315.7220 991.1260 755.7770 61.4610 982.1280 168.4240 707.0120 327.9850 815.8500 
1135.4850 775.6330 958.4130 535.4140 779.8360 609.0770 411.0270 1252.3350 1151.0660 493.2500 1224.2360 600.5150 712.1800 768.1970 1170.3910 
1 0 1 1 0 1 1 1 0 1 
0 0 1 0 1 1 1 1 1 0 
1 0 1 1 0 1 1 1 1 0 
0 1 0 0 1 0 1 1 0 1 
0 1 1 0 0 1 1 1 0 1 
0 0 1 0 0 0 1 0 0 1 
0 1 0 0 0 1 1 1 1 1 
0 1 1 1 1 0 0 0 1 1 
1 1 1 1 1 1 1 1 1 1 
0 1 1 1 0 0 0 0 0 0 
0 0 0 1 1 1 1 1 1 0 
1 1 0 0 0 0 1 0 1 0 
0 1 1 1 1 1 1 1 1 1 
0 0 0 0 0 1 0 1 1 1 
1 0 1 0 1 1 0 1 1 0 
