10
10
2418
1.000000
0.100000
357.414951
0.0000 1.5290 6.7000 3.2650 2.9210 5.7640 4.4820 6.5230 4.6600 1.9800 
1.5290 0.0000 5.2950 1.8470 2.5000 4.5600 3.0050 5.2250 3.1600 3.1530 
6.7000 5.2950 0.0000 3.4530 4.7670 5.6820 2.3590 5.4500 2.3220 7.5210 
3.2650 1.8470 3.4530 0.0000 2.2710 4.3980 1.2490 4.7710 1.4760 4.3900 
2.9210 2.5000 4.7670 2.2710 0.0000 6.5500 3.2700 7.0060 3.5570 2.8700 
5.7640 4.5600 5.6820 4.3980 6.5500 0.0000 4.1100 0.9260 3.8930 7.6590 
4.4820 3.0050 2.3590 1.2490 3.2700 4.1100 0.0000 4.2420 0.2950 5.6240 
6.5230 5.2250 5.4500 4.7710 7.0060 0.9260 4.2420 0.0000 3.9850 8.3660 
4.6600 3.1600 2.3220 1.4760 3.5570 3.8930 0.2950 3.9850 0.0000 5.8650 
1.9800 3.1530 7.5210 4.3900 2.8700 7.6590 5.6240 8.3660 5.8650 0.0000 
218.7530 505.1370 784.2140 769.6740 725.3460 255.4820 309.3000 433.6490 478.1910 355.4970 
237.6700 630.6190 1221.9790 1076.1790 876.7960 601.9830 428.4630 810.9490 619.4940 365.6720 
1 1 1 1 1 0 0 1 1 1 
0 0 1 1 0 0 0 0 0 1 
0 1 0 0 0 0 1 0 0 1 
1 1 1 0 0 1 1 0 0 1 
1 1 1 0 1 1 1 1 1 1 
0 0 1 0 0 0 0 1 1 1 
1 0 0 0 0 1 1 1 1 1 
0 1 0 0 0 1 0 0 0 1 
1 0 1 1 1 0 0 1 1 1 
0 1 1 1 0 1 1 1 1 1 
