10
10
1272
1.000000
0.100000
669.978598
0.0000 6.8580 8.1720 8.0010 7.4430 3.1610 6.8380 2.5560 7.5330 7.8850 
6.8580 0.0000 1.6130 2.6730 4.3580 5.4240 4.5200 8.5110 3.2630 2.5810 
8.1720 1.6130 0.0000 1.6420 5.6830 7.0070 5.9580 9.5510 4.4810 1.6130 
8.0010 2.6730 1.6420 0.0000 7.0240 7.4870 7.1890 8.9610 5.8890 0.1210 
7.4430 4.3580 5.6830 7.0240 0.0000 4.4720 0.7350 9.8560 1.2470 6.9360 
3.1610 5.4240 7.0070 7.4870 4.4720 0.0000 3.8010 5.7060 4.8480 7.3680 
6.8380 4.5200 5.9580 7.1890 0.7350 3.8010 0.0000 9.2930 1.7540 7.0920 
2.5560 8.5110 9.5510 8.9610 9.8560 5.7060 9.2930 0.0000 9.7990 8.8590 
7.5330 3.2630 4.4810 5.8890 1.2470 4.8480 1.7540 9.7990 0.0000 5.8080 
7.8850 2.5810 1.6130 0.1210 6.9360 7.3680 7.0920 8.8590 5.8080 0.0000 
783.0410 238.0480 244.2900 162.7410 966.4040 877.6410 73.8740 979.0080 377.2930 384.1490 
1141.3620 351.6810 567.8770 244.6610 1068.9180 906.6190 312.2840 1309.7980 842.8030 538.9400 
1 0 1 1 1 1 1 0 1 1 
0 1 1 0 0 1 1 1 1 1 
1 0 0 0 0 1 0 0 0 1 
1 1 0 0 0 1 1 0 1 1 
1 1 0 1 1 1 1 1 0 0 
1 1 1 1 1 0 1 1 1 1 
0 0 0 0 0 0 0 1 0 0 
1 0 0 0 1 0 0 0 1 1 
1 0 0 0 0 0 1 0 1 0 
0 0 1 1 0 1 0 0 1 0 
