10
10
2514
1.000000
0.100000
114.864550
0.0000 5.6290 10.1660 8.1570 5.0430 3.6070 2.6580 5.8830 4.4830 9.8320 
5.6290 0.0000 6.2080 2.9300 6.0360 2.5160 6.2630 3.1730 1.1930 6.6140 
10.1660 6.2080 0.0000 3.7430 6.7780 6.7100 11.8400 4.2840 6.5970 1.3710 
8.1570 2.9300 3.7430 0.0000 6.7860 4.5920 9.1480 3.2540 3.7880 4.5880 
5.0430 6.0360 6.7780 6.7860 0.0000 3.8490 7.5900 3.5340 5.1290 5.9110 
3.6070 2.5160 6.7100 4.5920 3.8490 0.0000 5.1620 2.4960 1.3860 6.5930 
2.6580 6.2630 11.8400 9.1480 7.5900 5.1620 0.0000 7.6560 5.3950 11.7500 
5.8830 3.1730 4.2840 3.2540 3.5340 2.4960 7.6560 0.0000 2.8610 4.0980 
4.4830 1.1930 6.5970 3.7880 5.1290 1.3860 5.3950 2.8610 0.0000 6.7660 
9.8320 6.6140 1.3710 4.5880 5.9110 6.5930 11.7500 4.0980 6.7660 0.0000 
568.0940 609.1640 315.9610 199.6180 717.2820 938.2950 810.0120 364.8590 128.1070 376.2140 
688.3120 1064.0230 740.2020 242.9650 1184.8800 1109.2550 1169.2300 736.5770 141.9200 763.8910 
1 1 1 0 1 0 1 1 1 1 
1 0 0 1 0 1 0 0 1 0 
0 0 1 0 0 1 1 0 1 0 
1 1 1 1 1 1 1 1 1 1 
1 1 1 0 1 0 1 0 0 1 
0 1 1 1 0 1 1 1 1 0 
1 0 0 1 1 1 1 0 1 0 
0 0 1 0 1 0 1 0 0 1 
1 1 0 0 1 0 1 1 1 1 
1 1 0 1 0 1 0 0 1 0 
