10
3
459
1.000000
0.100000
8.115590
0.0000 3.7480 3.1870 2.9890 3.5210 1.4530 3.6910 0.5900 3.9480 3.2720 
3.7480 0.0000 5.2290 2.7790 6.2620 5.0300 7.4310 3.5680 2.7180 0.5700 
3.1870 5.2290 0.0000 2.6390 1.2870 2.5020 4.3140 2.6900 6.6840 5.0450 
2.9890 2.7790 2.6390 0.0000 3.8440 3.5440 6.0060 2.4470 4.8830 2.7680 
3.5210 6.2620 1.2870 3.8440 0.0000 2.3430 3.3840 3.1830 7.3580 6.0020 
1.4530 5.0300 2.5020 3.5440 2.3430 0.0000 2.4980 1.4620 5.3900 4.6080 
3.6910 7.4310 4.3140 6.0060 3.3840 2.4980 0.0000 3.9040 7.2630 6.9630 
0.5900 3.5680 2.6900 2.4470 3.1830 1.4620 3.9040 0.0000 4.1790 3.1520 
3.9480 2.7180 6.6840 4.8830 7.3580 5.3900 7.2630 4.1790 0.0000 2.3280 
3.2720 0.5700 5.0450 2.7680 6.0020 4.6080 6.9630 3.1520 2.3280 0.0000 
418.4420 947.2780 470.1680 
785.0190 1130.0790 641.7470 
0 1 0 0 1 1 0 0 0 0 
1 1 1 1 1 1 1 1 1 1 
0 1 0 1 0 0 1 0 1 1 
