10
3
647
1.000000
0.100000
101.558647
0.0000 5.8420 9.9760 5.5230 5.9730 3.3240 6.5780 9.5370 9.9770 5.1000 
5.8420 0.0000 4.4320 3.5390 0.2390 5.5340 2.6990 4.2880 4.3580 1.1710 
9.9760 4.4320 0.0000 7.5180 4.4210 9.9540 3.8070 0.9180 0.2910 5.5570 
5.5230 3.5390 7.5180 0.0000 3.4080 3.2190 6.1490 7.6100 7.3600 2.4820 
5.9730 0.2390 4.4210 3.4080 0.0000 5.5320 2.8970 4.3260 4.3320 1.1370 
3.3240 5.5340 9.9540 3.2190 5.5320 0.0000 7.4830 9.8080 9.8580 4.3970 
6.5780 2.6990 3.8070 6.1490 2.8970 7.4830 0.0000 3.1320 3.9190 3.6680 
9.5370 4.2880 0.9180 7.6100 4.3260 9.8080 3.1320 0.0000 1.1750 5.4530 
9.9770 4.3580 0.2910 7.3600 4.3320 9.8580 3.9190 1.1750 0.0000 5.4630 
5.1000 1.1710 5.5570 2.4820 1.1370 4.3970 3.6680 5.4530 5.4630 0.0000 
584.1180 372.8450 335.5590 
650.7380 758.7540 367.1260 
1 1 0 1 1 1 0 1 1 1 
0 1 0 0 0 0 0 0 0 0 
0 1 1 0 1 1 1 0 1 0 
