10
3
880
1.000000
0.100000
50.987145
0.0000 4.4250 6.8650 2.8630 3.8340 4.8050 9.1320 8.6290 4.4040 2.0370 
4.4250 0.0000 2.8750 1.5830 1.1900 7.1550 7.2280 4.6170 1.0600 3.7850 
6.8650 2.8750 0.0000 4.2880 4.0450 8.0800 5.3060 1.7820 3.7380 6.6160 
2.8630 1.5830 4.2880 0.0000 1.1370 6.2240 7.8620 6.0670 1.6520 2.3580 
3.8340 1.1900 4.0450 1.1370 0.0000 7.3430 8.3120 5.7580 0.5720 2.7650 
4.8050 7.1550 8.0800 6.2240 7.3430 0.0000 7.1120 9.4110 7.7850 6.7570 
9.1320 7.2280 5.3060 7.8620 8.3120 7.1120 0.0000 5.1190 8.2880 10.0040 
8.6290 4.6170 1.7820 6.0670 5.7580 9.4110 5.1190 0.0000 5.3940 8.3840 
4.4040 1.0600 3.7380 1.6520 0.5720 7.7850 8.2880 5.3940 0.0000 3.2870 
2.0370 3.7850 6.6160 2.3580 2.7650 6.7570 10.0040 8.3840 3.2870 0.0000 
178.5500 322.3450 672.1880 
460.8550 435.9310 1064.3720 
0 0 1 0 0 0 0 0 1 1 
1 1 1 1 1 1 1 0 1 1 
1 1 1 1 0 1 1 0 1 0 
