10
3
513
1.000000
0.100000
23.266512
0.0000 5.2070 4.8470 5.7580 6.5210 5.1860 8.5880 7.0250 2.4440 8.4380 
5.2070 0.0000 5.4360 3.6780 2.4810 1.2450 5.3210 3.4140 3.6500 3.7410 
4.8470 5.4360 0.0000 2.5930 7.8600 6.3940 4.9830 4.3550 5.9470 6.4040 
5.7580 3.6780 2.5930 0.0000 6.1380 4.8720 2.8530 1.7690 5.7630 3.8110 
6.5210 2.4810 7.8600 6.1380 0.0000 1.5150 7.3900 5.5770 4.2690 5.1020 
5.1860 1.2450 6.3940 4.8720 1.5150 0.0000 6.5460 4.6470 3.1540 4.7320 
8.5880 5.3210 4.9830 2.8530 7.3900 6.5460 0.0000 1.9130 8.2920 2.8750 
7.0250 3.4140 4.3550 1.7690 5.5770 4.6470 1.9130 0.0000 6.4610 2.0700 
2.4440 3.6500 5.9470 5.7630 4.2690 3.1540 8.2920 6.4610 0.0000 7.3320 
8.4380 3.7410 6.4040 3.8110 5.1020 4.7320 2.8750 2.0700 7.3320 0.0000 
196.1950 686.6090 142.3970 
354.8140 904.4560 567.0640 
1 1 0 1 1 1 1 1 1 0 
1 1 1 1 0 1 1 0 1 0 
0 0 0 0 1 1 0 0 1 0 
