10
3
1368
1.000000
0.100000
74.228633
0.0000 4.4820 3.3550 3.9510 6.2640 4.6860 5.5770 4.7930 4.8190 1.8310 
4.4820 0.0000 1.3650 1.2910 8.7510 7.0530 5.3980 6.1940 0.3970 2.7560 
3.3550 1.3650 0.0000 0.6660 8.4300 5.7230 4.4200 6.0910 1.7610 1.9010 
3.9510 1.2910 0.6660 0.0000 9.0840 5.8310 4.1320 6.7110 1.6600 2.5660 
6.2640 8.7510 8.4300 9.0840 0.0000 10.6200 11.8100 2.7270 8.8550 6.6110 
4.6860 7.0530 5.7230 5.8310 10.6200 0.0000 3.3440 9.4720 7.4460 5.7230 
5.5770 5.3980 4.4200 4.1320 11.8100 3.3440 0.0000 9.9600 5.7280 5.5260 
4.7930 6.1940 6.0910 6.7110 2.7270 9.4720 9.9600 0.0000 6.2510 4.4640 
4.8190 0.3970 1.7610 1.6600 8.8550 7.4460 5.7280 6.2510 0.0000 3.0570 
1.8310 2.7560 1.9010 2.5660 6.6110 5.7230 5.5260 4.4640 3.0570 0.0000 
440.9280 766.9710 615.2120 
835.6980 771.1020 989.2700 
1 0 0 0 0 0 0 1 0 1 
1 0 1 1 1 1 0 1 1 1 
0 0 0 1 1 1 0 1 0 0 
