10
3
930
1.000000
0.100000
21.914898
0.0000 9.6000 6.7990 3.9980 2.6530 8.0780 4.0630 8.2310 6.9970 1.3000 
9.6000 0.0000 5.2810 6.1910 9.5620 3.0840 6.8160 6.7720 8.0400 8.3030 
6.7990 5.2810 0.0000 5.6910 5.4420 2.2820 2.7730 9.3200 9.5390 5.6890 
3.9980 6.1910 5.6910 0.0000 5.3660 5.7710 4.1320 4.6470 4.1060 2.9200 
2.6530 9.5620 5.4420 5.3660 0.0000 7.3010 2.8400 9.9930 9.1070 2.6890 
8.0780 3.0840 2.2820 5.7710 7.3010 0.0000 4.4630 8.3190 8.9910 6.8230 
4.0630 6.8160 2.7730 4.1320 2.8400 4.4630 0.0000 8.5850 8.2380 3.0620 
8.2310 6.7720 9.3200 4.6470 9.9930 8.3190 8.5850 0.0000 1.9570 7.4160 
6.9970 8.0400 9.5390 4.1060 9.1070 8.9910 8.2380 1.9570 0.0000 6.4260 
1.3000 8.3030 5.6890 2.9200 2.6890 6.8230 3.0620 7.4160 6.4260 0.0000 
551.6670 377.7340 929.9660 
937.9670 458.6910 1102.4660 
0 0 0 0 1 0 0 0 1 0 
1 1 1 0 1 0 0 1 0 1 
0 1 1 1 1 1 0 1 0 1 
