10
3
310
1.000000
0.100000
9.129808
0.0000 9.6590 4.7820 5.0050 8.8850 2.6560 11.4040 4.5580 7.7740 7.3650 
9.6590 0.0000 6.3580 6.1460 5.0380 8.9710 3.5380 7.3320 3.7720 7.8340 
4.7820 6.3580 0.0000 5.5100 8.2090 5.9380 9.2440 6.1110 6.5150 8.6150 
5.0050 6.1460 5.5100 0.0000 3.8900 3.1580 6.7640 1.1860 3.0520 3.1070 
8.8850 5.0380 8.2090 3.8900 0.0000 6.9170 3.5540 4.6590 1.7620 3.3860 
2.6560 8.9710 5.9380 3.1580 6.9170 0.0000 9.9220 2.2680 6.2070 4.8390 
11.4040 3.5380 9.2440 6.7640 3.5540 9.9220 0.0000 7.7910 3.7170 6.9400 
4.5580 7.3320 6.1110 1.1860 4.6590 2.2680 7.7910 0.0000 4.1220 2.8700 
7.7740 3.7720 6.5150 3.0520 1.7620 6.2070 3.7170 4.1220 0.0000 4.0630 
7.3650 7.8340 8.6150 3.1070 3.3860 4.8390 6.9400 2.8700 4.0630 0.0000 
481.6170 719.5420 37.4310 
651.6770 774.2500 444.5430 
1 1 0 1 1 1 1 1 1 0 
1 1 1 1 1 1 0 1 0 0 
0 0 1 1 0 0 0 0 0 0 
