10
3
132
1.000000
0.100000
18.958810
0.0000 2.5650 6.1030 2.6750 6.6490 6.9570 7.0220 9.3850 6.9980 6.9420 
2.5650 0.0000 5.9500 0.2900 5.9960 8.4220 6.0930 7.4490 7.4220 5.1890 
6.1030 5.9500 0.0000 5.6950 1.2560 4.7650 2.0170 6.0080 1.9140 4.0900 
2.6750 0.2900 5.6950 0.0000 5.7170 8.2880 5.8070 7.1840 7.1980 4.9080 
6.6490 5.9960 1.2560 5.7170 0.0000 6.0080 0.7630 4.7720 2.9800 3.0290 
6.9570 8.4220 4.7650 8.2880 6.0080 0.0000 6.7700 10.7730 3.2920 8.7460 
7.0220 6.0930 2.0170 5.8070 0.7630 6.7700 0.0000 4.0150 3.7040 2.4320 
9.3850 7.4490 6.0080 7.1840 4.7720 10.7730 4.0150 0.0000 7.7010 2.4800 
6.9980 7.4220 1.9140 7.1980 2.9800 3.2920 3.7040 7.7010 0.0000 5.9680 
6.9420 5.1890 4.0900 4.9080 3.0290 8.7460 2.4320 2.4800 5.9680 0.0000 
90.2300 392.3430 42.0380 
168.3310 764.5890 537.9260 
1 1 0 1 1 1 0 1 1 1 
0 1 1 1 1 1 1 0 1 1 
0 1 1 1 1 0 0 0 0 0 
