10
3
617
1.000000
0.100000
36.881895
0.0000 6.0720 5.9200 12.9710 4.3240 8.6080 8.0480 2.8760 6.0530 5.3050 
6.0720 0.0000 2.0110 7.2730 3.2460 2.6390 2.8600 3.7400 0.8080 2.2190 
5.9200 2.0110 0.0000 7.0820 4.5810 4.0990 2.1450 4.4410 1.2180 3.9180 
12.9710 7.2730 7.0820 0.0000 10.4320 5.7820 4.9370 10.9950 7.0080 9.2250 
4.3240 3.2460 4.5810 10.4320 0.0000 5.0430 6.0720 1.4690 3.7990 1.2790 
8.6080 2.6390 4.0990 5.7820 5.0430 0.0000 3.3370 6.0150 3.0620 3.7650 
8.0480 2.8600 2.1450 4.9370 6.0720 3.3370 0.0000 6.2990 2.2980 5.0760 
2.8760 3.7400 4.4410 10.9950 1.4690 6.0150 6.2990 0.0000 4.0280 2.4610 
6.0530 0.8080 1.2180 7.0080 3.7990 3.0620 2.2980 4.0280 0.0000 2.9140 
5.3050 2.2190 3.9180 9.2250 1.2790 3.7650 5.0760 2.4610 2.9140 0.0000 
317.4720 624.1180 291.0220 
506.5060 874.3210 412.8250 
0 0 0 0 0 0 1 0 0 0 
0 1 1 1 1 1 1 1 1 0 
1 1 1 1 1 0 1 1 1 0 
