10
3
1276
1.000000
0.100000
138.027299
0.0000 0.2320 4.7120 4.0430 3.2670 4.3450 5.1670 6.0840 6.8950 6.2220 
0.2320 0.0000 4.6200 4.2730 3.3590 4.2160 5.3490 6.0850 6.9640 6.2700 
4.7120 4.6200 0.0000 7.7310 3.4060 0.9020 6.0430 2.5990 4.5490 3.6340 
4.0430 4.2730 7.7310 0.0000 4.6180 7.7300 3.9240 7.8710 7.5470 7.3180 
3.2670 3.3590 3.4060 4.6180 0.0000 3.7390 2.7990 3.3110 3.6550 3.0730 
4.3450 4.2160 0.9020 7.7300 3.7390 0.0000 6.4970 3.4910 5.3910 4.4750 
5.1670 5.3490 6.0430 3.9240 2.7990 6.4970 0.0000 4.9550 3.9200 3.9940 
6.0840 6.0850 2.5990 7.8710 3.3110 3.4910 4.9550 0.0000 2.0990 1.2680 
6.8950 6.9640 4.5490 7.5470 3.6550 5.3910 3.9200 2.0990 0.0000 0.9160 
6.2220 6.2700 3.6340 7.3180 3.0730 4.4750 3.9940 1.2680 0.9160 0.0000 
277.3220 747.3570 676.2150 
523.0410 1208.5180 901.0030 
0 1 0 0 0 0 0 1 0 0 
0 0 0 1 1 0 1 0 0 1 
0 1 1 0 1 1 1 1 1 1 
