10
3
1785
1.000000
0.100000
41.518236
0.0000 4.7420 7.2970 4.6080 2.1510 2.4570 2.9360 1.5600 2.3780 6.8630 
4.7420 0.0000 2.6250 8.8750 5.6240 4.3600 2.6480 6.1900 4.6710 3.2020 
7.2970 2.6250 0.0000 11.1360 8.2410 6.4320 5.2140 8.7840 7.2540 2.3040 
4.6080 8.8750 11.1360 0.0000 5.8220 4.7260 7.5320 4.1100 6.6630 9.9520 
2.1510 5.6240 8.2410 5.8220 0.0000 4.5850 3.0810 1.7120 1.1580 8.3380 
2.4570 4.3600 6.4320 4.7260 4.5850 0.0000 4.0200 3.7790 4.5380 5.2850 
2.9360 2.6480 5.2140 7.5320 3.0810 4.0200 0.0000 4.0340 2.0410 5.6780 
1.5600 6.1900 8.7840 4.1100 1.7120 3.7790 4.0340 0.0000 2.6350 8.4230 
2.3780 4.6710 7.2540 6.6630 1.1580 4.5380 2.0410 2.6350 0.0000 7.5690 
6.8630 3.2020 2.3040 9.9520 8.3380 5.2850 5.6780 8.4230 7.5690 0.0000 
775.6820 636.9290 967.0720 
893.8070 847.2130 1099.3600 
1 0 1 1 0 1 1 1 1 1 
0 0 0 0 1 0 0 0 0 0 
1 0 1 1 1 0 1 1 1 1 
