10
3
818
1.000000
0.100000
85.674710
0.0000 6.0200 5.0180 4.4760 3.3710 8.1070 4.6850 2.2700 3.2260 6.4870 
6.0200 0.0000 4.6030 3.5020 4.2210 3.2650 3.1310 5.6260 2.7940 0.6000 
5.0180 4.6030 0.0000 1.2020 6.0950 4.3310 1.4970 6.3870 3.7280 4.5880 
4.4760 3.5020 1.2020 0.0000 5.0140 3.9380 0.4040 5.4970 2.6010 3.5710 
3.3710 4.2210 6.0950 5.0140 0.0000 7.2590 4.9450 1.6730 2.4270 4.8160 
8.1070 3.2650 4.3310 3.9380 7.2590 0.0000 3.5940 8.4110 5.2060 2.7120 
4.6850 3.1310 1.4970 0.4040 4.9450 3.5940 0.0000 5.5500 2.5180 3.1780 
2.2700 5.6260 6.3870 5.4970 1.6730 8.4110 5.5500 0.0000 3.2270 6.1970 
3.2260 2.7940 3.7280 2.6010 2.4270 5.2060 2.5180 3.2270 0.0000 3.2700 
6.4870 0.6000 4.5880 3.5710 4.8160 2.7120 3.1780 6.1970 3.2700 0.0000 
925.4030 46.6670 662.5310 
1236.2500 64.8350 843.7550 
0 1 0 1 1 1 1 0 0 0 
0 1 0 0 0 1 0 1 0 0 
0 1 1 1 1 1 1 0 1 1 
