10
3
205
1.000000
0.100000
123.284613
0.0000 8.2300 6.7230 8.9260 6.6180 7.1510 4.8900 8.3510 8.8570 3.5870 
8.2300 0.0000 2.9750 2.6800 1.6130 2.3380 4.7460 0.1270 1.5980 5.4860 
6.7230 2.9750 0.0000 2.2290 2.2780 0.6760 5.2390 3.0840 2.5210 3.2820 
8.9260 2.6800 2.2290 0.0000 3.2530 1.7930 6.7370 2.7100 1.1630 5.5100 
6.6180 1.6130 2.2780 3.2530 0.0000 1.9100 3.5000 1.7340 2.5840 3.9950 
7.1510 2.3380 0.6760 1.7930 1.9100 0.0000 5.1760 2.4410 1.8780 3.8220 
4.8900 4.7460 5.2390 6.7370 3.5000 5.1760 0.0000 4.8280 6.0570 4.5070 
8.3510 0.1270 3.0840 2.7100 1.7340 2.4410 4.8280 0.0000 1.6040 5.6130 
8.8570 1.5980 2.5210 1.1630 2.5840 1.8780 6.0570 1.6040 0.0000 5.6670 
3.5870 5.4860 3.2820 5.5100 3.9950 3.8220 4.5070 5.6130 5.6670 0.0000 
626.2970 163.8980 28.5900 
862.5710 643.5210 473.5550 
1 1 1 1 1 0 1 0 1 1 
0 0 1 1 1 0 0 1 1 0 
0 0 0 1 1 0 0 0 0 0 
