10
3
607
1.000000
0.100000
20.583552
0.0000 3.6780 8.8730 8.9850 6.5070 3.8900 8.2540 11.2070 5.0090 8.3590 
3.6780 0.0000 8.6370 7.2830 2.9870 2.4100 4.6140 8.6280 5.9020 7.3100 
8.8730 8.6370 0.0000 3.5420 8.2900 6.2400 11.0710 6.5850 4.0290 2.0830 
8.9850 7.2830 3.5420 0.0000 5.8070 5.3070 8.3270 3.1900 5.4830 1.5540 
6.5070 2.9870 8.2900 5.8070 0.0000 3.4470 2.8240 6.1710 6.9430 6.4570 
3.8900 2.4100 6.2400 5.3070 3.4470 0.0000 6.0360 7.3190 3.7000 5.0520 
8.2540 4.6140 11.0710 8.3270 2.8240 6.0360 0.0000 7.8570 9.6750 9.1690 
11.2070 8.6280 6.5850 3.1900 6.1710 7.3190 7.8570 0.0000 8.5080 4.7310 
5.0090 5.9020 4.0290 5.4830 6.9430 3.7000 9.6750 8.5080 0.0000 4.2470 
8.3590 7.3100 2.0830 1.5540 6.4570 5.0520 9.1690 4.7310 4.2470 0.0000 
877.3380 222.0770 113.3770 
1068.9320 656.9840 162.8800 
1 1 1 1 1 1 1 1 1 1 
1 0 0 1 0 0 0 0 0 1 
0 1 1 1 1 0 0 0 1 0 
