10
3
943
1.000000
0.100000
14.913106
0.0000 4.3070 6.5990 1.8210 5.6400 5.2350 6.1050 4.7890 2.0390 4.9960 
4.3070 0.0000 10.4090 5.9370 4.5330 1.8050 7.0630 3.6930 3.2750 6.9420 
6.5990 10.4090 0.0000 6.1240 8.8500 10.5470 6.4540 8.6060 8.6070 4.9550 
1.8210 5.9370 6.1240 0.0000 7.3730 7.0230 7.3680 6.5590 2.9930 6.0040 
5.6400 4.5330 8.8500 7.3730 0.0000 3.1480 3.2060 0.9480 6.2950 4.0360 
5.2350 1.8050 10.5470 7.0230 3.1480 0.0000 6.1160 2.5280 4.7740 6.4050 
6.1050 7.0630 6.4540 7.3680 3.2060 6.1160 0.0000 3.5890 7.5890 1.6520 
4.7890 3.6930 8.6060 6.5590 0.9480 2.5280 3.5890 0.0000 5.3510 4.0380 
2.0390 3.2750 8.6070 2.9930 6.2950 4.7740 7.5890 5.3510 0.0000 6.7400 
4.9960 6.9420 4.9550 6.0040 4.0360 6.4050 1.6520 4.0380 6.7400 0.0000 
611.6780 501.2220 143.7330 
660.7680 890.9310 555.3600 
1 1 1 0 0 1 1 1 0 1 
1 1 1 0 1 1 1 1 0 0 
0 1 0 0 0 1 1 0 0 0 
