10
3
1033
1.000000
0.100000
10.118602
0.0000 9.1690 5.1550 9.8280 1.4160 6.0960 3.3040 5.5550 7.6890 9.0130 
9.1690 0.0000 4.0650 9.4880 8.5610 7.2710 6.1280 8.7700 10.8050 11.4840 
5.1550 4.0650 0.0000 8.9810 4.7560 5.4900 2.5230 6.4140 8.8430 9.8820 
9.8280 9.4880 8.9810 0.0000 8.4130 3.8670 7.6590 4.4050 3.6260 3.1390 
1.4160 8.5610 4.7560 8.4130 0.0000 4.6990 2.4420 4.1560 6.3630 7.6770 
6.0960 7.2710 5.4900 3.8670 4.6990 0.0000 3.8170 1.6880 3.5600 4.4340 
3.3040 6.1280 2.5230 7.6590 2.4420 3.8170 0.0000 4.2350 6.7150 7.8830 
5.5550 8.7700 6.4140 4.4050 4.1560 1.6880 4.2350 0.0000 2.4800 3.6820 
7.6890 10.8050 8.8430 3.6260 6.3630 3.5600 6.7150 2.4800 0.0000 1.3300 
9.0130 11.4840 9.8820 3.1390 7.6770 4.4340 7.8830 3.6820 1.3300 0.0000 
87.2930 984.3700 993.5580 
139.7740 1193.9710 1144.9510 
1 0 1 0 1 0 0 0 1 0 
1 1 1 1 0 0 1 1 0 1 
1 0 1 1 1 1 1 1 1 1 
