10
5
531
1.000000
0.100000
12.379443
0.0000 5.2280 2.6760 6.4240 8.0700 3.1170 5.2080 6.2210 2.0590 5.4260 
5.2280 0.0000 6.5690 8.4300 5.2000 8.3410 3.7120 2.7850 3.6040 5.9190 
2.6760 6.5690 0.0000 3.9210 7.5310 3.5570 4.8080 6.4060 4.4310 3.8140 
6.4240 8.4300 3.9210 0.0000 6.6250 7.2030 5.0770 6.8650 7.7260 2.7100 
8.0700 5.2000 7.5310 6.6250 0.0000 10.7540 2.8750 2.4320 7.5970 4.1770 
3.1170 8.3410 3.5570 7.2030 10.7540 0.0000 7.8950 9.1720 4.9630 7.3450 
5.2080 3.7120 4.8080 5.0770 2.8750 7.8950 0.0000 1.8220 4.9730 2.3830 
6.2210 2.7850 6.4060 6.8650 2.4320 9.1720 1.8220 0.0000 5.3740 4.1550 
2.0590 3.6040 4.4310 7.7260 7.5970 4.9630 4.9730 5.3740 0.0000 6.0580 
5.4260 5.9190 3.8140 2.7100 4.1770 7.3450 2.3830 4.1550 6.0580 0.0000 
36.6960 205.7950 919.6620 896.6060 62.9220 
41.3350 461.4620 1217.7680 1035.7120 266.4770 
1 1 0 0 0 1 1 1 1 1 
0 0 1 0 1 1 0 0 0 1 
0 1 1 1 1 1 0 0 1 0 
1 0 1 0 1 1 1 1 1 1 
1 0 0 0 0 0 1 0 1 0 
