10
5
2460
1.000000
0.100000
221.650894
0.0000 7.4850 6.3770 2.6890 4.7590 7.5500 6.4610 4.7890 6.9080 5.2770 
7.4850 0.0000 8.8930 5.8190 3.0220 7.8720 8.1460 3.0780 5.3010 2.9280 
6.3770 8.8930 0.0000 8.1430 8.0840 2.2830 0.9350 8.2140 4.1780 8.7570 
2.6890 5.8190 8.1430 0.0000 2.7990 8.6940 7.9490 2.7580 7.2400 3.0760 
4.7590 3.0220 8.0840 2.7990 0.0000 7.8680 7.5850 0.1450 5.7590 0.6810 
7.5500 7.8720 2.2830 8.6940 7.8680 0.0000 1.4530 8.0100 2.6080 8.4870 
6.4610 8.1460 0.9350 7.9490 7.5850 1.4530 0.0000 7.7210 3.2700 8.2450 
4.7890 3.0780 8.2140 2.7580 0.1450 8.0100 7.7210 0.0000 5.9040 0.5690 
6.9080 5.3010 4.1780 7.2400 5.7590 2.6080 3.2700 5.9040 0.0000 6.3060 
5.2770 2.9280 8.7570 3.0760 0.6810 8.4870 8.2450 0.5690 6.3060 0.0000 
827.4150 600.1070 597.5580 756.9920 497.4130 
1216.1230 965.8480 758.4230 882.1110 820.9160 
1 1 0 0 1 1 0 1 1 0 
0 1 0 0 0 0 0 0 0 1 
1 1 0 0 1 0 1 1 1 1 
1 1 1 1 1 1 1 1 1 0 
0 1 1 0 0 0 0 0 0 0 
