10
5
1462
1.000000
0.100000
72.488165
0.0000 6.9820 3.7830 5.4460 4.1570 2.2470 6.3440 1.1920 7.7440 7.3020 
6.9820 0.0000 5.7500 10.4020 2.9360 7.4670 3.2370 5.8740 1.3540 0.8410 
3.7830 5.7500 0.0000 4.6830 4.2140 2.4490 3.4800 3.6640 5.8370 6.4330 
5.4460 10.4020 4.6830 0.0000 8.4050 3.4110 8.0290 6.3180 10.5120 11.0410 
4.1570 2.9360 4.2140 8.4050 0.0000 5.1230 3.8610 2.9970 3.9700 3.1520 
2.2470 7.4670 2.4490 3.4110 5.1230 0.0000 5.8060 2.9320 7.8680 7.9980 
6.3440 3.2370 3.4800 8.0290 3.8610 5.8060 0.0000 5.6070 2.6890 4.0740 
1.1920 5.8740 3.6640 6.3180 2.9970 2.9320 5.6070 0.0000 6.7210 6.1500 
7.7440 1.3540 5.8370 10.5120 3.9700 7.8680 2.6890 6.7210 0.0000 2.0090 
7.3020 0.8410 6.4330 11.0410 3.1520 7.9980 4.0740 6.1500 2.0090 0.0000 
638.1240 866.8990 902.6880 163.3370 352.3830 
1055.5790 1219.8560 1207.1850 558.1940 740.3480 
1 1 1 0 0 1 1 1 1 0 
1 0 1 1 1 1 1 1 1 1 
0 1 1 1 0 0 1 1 1 1 
0 0 1 0 1 0 0 0 0 0 
1 1 0 1 1 1 0 1 0 0 
