10
5
1519
1.000000
0.100000
75.836995
0.0000 5.4380 9.4640 8.3850 10.5680 7.1860 6.2620 4.7430 7.0840 1.9050 
5.4380 0.0000 4.0270 4.2120 7.1570 6.4200 4.0180 0.9190 5.2390 5.9210 
9.4640 4.0270 0.0000 4.0110 6.5590 8.3770 6.0210 4.8010 6.8920 9.7970 
8.3850 4.2120 4.0110 0.0000 3.0150 4.6280 2.7320 5.0740 3.1540 7.9180 
10.5680 7.1570 6.5590 3.0150 0.0000 4.6190 4.3080 7.9720 3.7290 9.6550 
7.1860 6.4200 8.3770 4.6280 4.6190 0.0000 2.4890 6.8130 1.4930 5.7520 
6.2620 4.0180 6.0210 2.7320 4.3080 2.4890 0.0000 4.5360 1.2280 5.4230 
4.7430 0.9190 4.8010 5.0740 7.9720 6.8130 4.5360 0.0000 5.7630 5.4650 
7.0840 5.2390 6.8920 3.1540 3.7290 1.4930 1.2280 5.7630 0.0000 5.9770 
1.9050 5.9210 9.7970 7.9180 9.6550 5.7520 5.4230 5.4650 5.9770 0.0000 
589.4090 49.0630 108.2900 537.0320 740.8830 
812.1480 67.0560 229.0330 935.2170 894.0490 
1 0 0 0 1 1 1 0 0 1 
1 1 0 0 0 0 1 1 1 1 
0 0 0 0 1 0 0 0 0 0 
0 0 0 1 1 0 0 1 1 1 
1 0 1 0 1 0 1 1 1 1 
