10
5
2884
1.000000
0.100000
770.483249
0.0000 0.1470 8.7620 5.4670 4.6010 1.4990 10.0630 5.4450 3.5260 9.5470 
0.1470 0.0000 8.6940 5.4210 4.6890 1.5790 10.0180 5.4980 3.4840 9.5090 
8.7620 8.6940 0.0000 3.4660 7.9180 8.0790 2.0540 6.5390 5.3270 2.1500 
5.4670 5.4210 3.4660 0.0000 4.7240 4.6360 4.5970 3.6630 1.9430 4.1060 
4.6010 4.6890 7.9180 4.7240 0.0000 3.1120 8.2770 1.6240 3.8090 7.5930 
1.4990 1.5790 8.0790 4.6360 3.1120 0.0000 9.1440 3.9790 2.7660 8.5710 
10.0630 10.0180 2.0540 4.5970 8.2770 9.1440 0.0000 6.7150 6.5380 0.7110 
5.4450 5.4980 6.5390 3.6630 1.6240 3.9790 6.7150 0.0000 3.4400 6.0200 
3.5260 3.4840 5.3270 1.9430 3.8090 2.7660 6.5380 3.4400 0.0000 6.0260 
9.5470 9.5090 2.1500 4.1060 7.5930 8.5710 0.7110 6.0200 6.0260 0.0000 
913.4850 571.7940 450.7440 950.0760 958.8490 
984.6820 909.1940 643.6980 1284.6790 1187.8840 
1 0 1 1 1 1 1 1 1 0 
0 0 0 0 1 0 1 0 0 1 
0 0 0 1 1 0 1 0 1 0 
0 0 0 0 1 0 1 0 1 1 
1 0 0 0 0 0 1 1 0 0 
