10
5
723
1.000000
0.100000
21.459185
0.0000 5.5410 4.9230 4.1310 5.3380 2.9250 5.1550 3.1120 8.5500 7.9970 
5.5410 0.0000 4.4560 9.0660 1.4190 4.9900 3.6780 6.7760 5.2530 8.6300 
4.9230 4.4560 0.0000 6.3600 3.1230 2.1940 7.1280 3.7300 3.9360 4.2360 
4.1310 9.0660 6.3600 0.0000 8.3780 4.4040 9.2850 2.6320 10.2600 7.0680 
5.3380 1.4190 3.1230 8.3780 0.0000 4.0640 4.8360 5.9100 4.0910 7.2370 
2.9250 4.9900 2.1940 4.4040 4.0640 0.0000 6.5020 1.8490 6.0990 5.1920 
5.1550 3.6780 7.1280 9.2850 4.8360 6.5020 0.0000 7.7820 8.8910 11.3040 
3.1120 6.7760 3.7300 2.6320 5.9100 1.8490 7.7820 0.0000 7.6440 5.2550 
8.5500 5.2530 3.9360 10.2600 4.0910 6.0990 8.8910 7.6440 0.0000 5.7360 
7.9970 8.6300 4.2360 7.0680 7.2370 5.1920 11.3040 5.2550 5.7360 0.0000 
751.1660 783.5280 63.7990 991.2930 298.5060 
820.7540 1274.7690 372.6000 1281.3740 782.4270 
1 1 1 1 1 1 1 1 1 1 
1 0 0 1 0 1 0 1 1 0 
0 0 0 0 0 0 0 1 0 0 
1 1 1 1 1 1 0 1 1 1 
0 0 1 0 1 1 0 1 1 1 
