10
5
860
1.000000
0.100000
56.845788
0.0000 5.2010 6.0290 2.5790 3.0140 5.9950 1.6360 3.6460 5.8340 1.2080 
5.2010 0.0000 8.6130 5.9120 7.0990 0.7970 4.7020 8.6020 2.2710 4.1760 
6.0290 8.6130 0.0000 8.5650 3.2730 9.1550 4.8140 4.7900 7.3920 6.8410 
2.5790 5.9120 8.5650 0.0000 5.4070 6.6660 4.1280 5.2770 7.3240 2.3300 
3.0140 7.0990 3.2730 5.4070 0.0000 7.8140 2.4330 2.1140 6.7610 4.0640 
5.9950 0.7970 9.1550 6.6660 7.8140 0.0000 5.4410 9.3680 2.2730 4.9730 
1.6360 4.7020 4.8140 4.1280 2.4330 5.4410 0.0000 3.9730 4.7130 2.0590 
3.6460 8.6020 4.7900 5.2770 2.1140 9.3680 3.9730 0.0000 8.6310 4.8540 
5.8340 2.2710 7.3920 7.3240 6.7610 2.2730 4.7130 8.6310 0.0000 5.1610 
1.2080 4.1760 6.8410 2.3300 4.0640 4.9730 2.0590 4.8540 5.1610 0.0000 
473.0160 634.1560 162.6440 199.0240 249.7300 
687.1910 1057.7720 435.3640 243.2510 364.6780 
1 0 1 0 1 1 1 1 0 0 
0 1 1 0 1 0 1 1 1 1 
1 0 0 0 0 0 0 0 0 0 
1 1 1 1 1 0 1 1 1 1 
1 0 1 1 0 1 1 1 1 0 
