10
5
1088
1.000000
0.100000
132.496929
0.0000 6.9160 5.3190 4.2380 7.8170 6.6140 0.6940 6.9210 1.4290 0.5970 
6.9160 0.0000 4.7390 3.6850 7.5000 8.0610 6.8890 2.2940 7.2510 6.3290 
5.3190 4.7390 0.0000 1.7150 10.4650 10.1570 4.8240 2.9950 6.4930 4.9840 
4.2380 3.6850 1.7150 0.0000 8.7530 8.4600 3.9130 2.7870 5.1900 3.7780 
7.8170 7.5000 10.4650 8.7530 0.0000 1.9520 8.4000 9.4900 6.7310 7.4550 
6.6140 8.0610 10.1570 8.4600 1.9520 0.0000 7.2620 9.7530 5.3500 6.3660 
0.6940 6.8890 4.8240 3.9130 8.4000 7.2620 0.0000 6.6670 2.1220 0.9530 
6.9210 2.2940 2.9950 2.7870 9.4900 9.7530 6.6670 0.0000 7.6750 6.4060 
1.4290 7.2510 6.4930 5.1900 6.7310 5.3500 2.1220 7.6750 0.0000 1.5280 
0.5970 6.3290 4.9840 3.7780 7.4550 6.3660 0.9530 6.4060 1.5280 0.0000 
768.6190 73.1840 222.5440 58.2820 327.8500 
1231.6830 141.7730 323.3520 454.5760 339.8510 
1 1 1 1 1 0 0 0 1 1 
1 1 1 1 1 0 1 0 1 1 
0 1 0 1 1 1 1 1 1 1 
0 0 0 0 0 0 0 0 1 0 
0 1 1 1 1 0 1 1 0 1 
