10
5
1007
1.000000
0.100000
86.473901
0.0000 5.0520 5.1290 6.0240 3.0980 0.2390 5.1810 6.6320 2.7050 8.3400 
5.0520 0.0000 0.3830 6.0480 4.6260 4.8270 5.5420 6.6120 2.6550 10.2660 
5.1290 0.3830 0.0000 5.7370 4.4630 4.9120 5.2600 6.2900 2.6150 10.0030 
6.0240 6.0480 5.7370 0.0000 2.9280 6.0100 0.8430 0.6410 4.5870 4.4930 
3.0980 4.6260 4.4630 2.9280 0.0000 3.0830 2.0850 3.5430 2.2350 5.9850 
0.2390 4.8270 4.9120 6.0100 3.0830 0.0000 5.1680 6.6260 2.5240 8.4520 
5.1810 5.5420 5.2600 0.8430 2.0850 5.1680 0.0000 1.4630 3.8440 4.7620 
6.6320 6.6120 6.2900 0.6410 3.5430 6.6260 1.4630 0.0000 5.2260 4.1730 
2.7050 2.6550 2.6150 4.5870 2.2350 2.5240 3.8440 5.2260 0.0000 8.2010 
8.3400 10.2660 10.0030 4.4930 5.9850 8.4520 4.7620 4.1730 8.2010 0.0000 
4.4550 202.3850 816.8070 346.2710 643.3780 
172.3810 336.3980 999.8500 708.5800 840.1230 
1 1 0 0 1 1 0 0 0 0 
0 1 0 1 0 1 1 0 0 1 
1 0 1 1 1 1 1 1 0 1 
0 1 0 0 0 0 1 1 0 1 
1 0 1 0 0 1 1 1 1 1 
