10
5
255
1.000000
0.100000
169.708305
0.0000 4.7730 5.2140 9.8410 0.5930 4.6160 4.7870 8.7660 8.8700 2.3140 
4.7730 0.0000 2.6970 8.4580 4.2750 7.3170 0.1450 4.2100 4.1620 6.1990 
5.2140 2.6970 0.0000 11.1480 4.6210 9.0290 2.5540 6.0760 5.6900 7.2910 
9.8410 8.4580 11.1480 0.0000 9.8590 7.2020 8.6030 7.5410 8.3580 8.8560 
0.5930 4.2750 4.6210 9.8590 0.0000 5.0410 4.2780 8.3400 8.4060 2.8370 
4.6160 7.3170 9.0290 7.2020 5.0410 0.0000 7.4160 9.9460 10.4120 2.4640 
4.7870 0.1450 2.5540 8.6030 4.2780 7.4160 0.0000 4.2630 4.1880 6.2590 
8.7660 4.2100 6.0760 7.5410 8.3400 9.9460 4.2630 0.0000 0.8320 9.6610 
8.8700 4.1620 5.6900 8.3580 8.4060 10.4120 4.1880 0.8320 0.0000 9.9470 
2.3140 6.1990 7.2910 8.8560 2.8370 2.4640 6.2590 9.6610 9.9470 0.0000 
31.2170 704.9100 57.5870 57.0680 169.1060 
88.2950 829.9470 318.5450 183.9640 393.9320 
1 1 1 0 0 0 0 1 0 0 
1 1 1 1 1 1 1 1 1 1 
1 0 1 0 0 0 0 0 0 0 
0 1 1 0 1 1 0 0 1 0 
0 1 1 0 1 1 0 1 0 1 
