10
10
2817
1.000000
0.100000
170.696513
0.0000 3.2340 3.1350 4.1920 3.8060 7.4330 3.4100 7.5380 4.3950 3.3260 
3.2340 0.0000 4.1620 4.5790 2.3300 4.7530 6.4900 4.3730 2.0680 0.7550 
3.1350 4.1620 0.0000 7.1770 5.9950 8.9080 3.9300 8.1940 3.6710 3.6390 
4.1920 4.5790 7.1770 0.0000 2.5860 5.6270 6.8930 6.9700 6.6340 5.2600 
3.8060 2.3300 5.9950 2.5860 0.0000 3.7760 7.1710 4.5730 4.3620 3.0820 
7.4330 4.7530 8.9080 5.6270 3.7760 0.0000 10.8430 2.2460 5.8970 5.2990 
3.4100 6.4900 3.9300 6.8930 7.1710 10.8430 0.0000 10.8600 7.0580 6.3720 
7.5380 4.3730 8.1940 6.9700 4.5730 2.2460 10.8600 0.0000 4.6930 4.6290 
4.3950 2.0680 3.6710 6.6340 4.3620 5.8970 7.0580 4.6930 0.0000 1.3810 
3.3260 0.7550 3.6390 5.2600 3.0820 5.2990 6.3720 4.6290 1.3810 0.0000 
309.5440 335.5600 130.0170 275.8200 601.8170 579.9000 564.9740 509.9380 112.1090 335.6970 
409.2600 407.2940 405.9000 358.1270 854.6290 742.6010 874.4270 539.1900 447.1740 534.6760 
0 0 1 0 1 1 1 1 1 1 
1 1 1 1 0 1 1 1 1 1 
0 0 0 0 0 0 0 1 1 0 
1 1 1 1 1 1 1 0 0 1 
1 0 0 1 1 1 1 0 0 0 
1 1 0 1 1 1 1 1 0 0 
0 0 1 0 0 0 1 1 1 0 
1 1 1 1 1 1 1 1 1 1 
0 0 1 0 0 0 1 0 1 0 
0 0 1 1 0 0 1 1 1 1 
