10
15
4801
1.000000
0.100000
144.651475
0.0000 3.5130 3.4440 5.1180 4.1360 0.7690 6.8530 5.3310 2.7560 1.7310 
3.5130 0.0000 2.3490 7.9050 3.4560 4.2420 4.8510 7.2190 6.1420 1.8450 
3.4440 2.3490 0.0000 8.5380 1.1260 3.8870 7.1990 5.1620 5.3060 2.7000 
5.1180 7.9050 8.5380 0.0000 9.2470 4.8920 8.5340 9.0770 4.9850 6.1820 
4.1360 3.4560 1.1260 9.2470 0.0000 4.4180 8.3060 4.4760 5.4890 3.7220 
0.7690 4.2420 3.8870 4.8920 4.4180 0.0000 7.5740 4.8930 1.9880 2.4930 
6.8530 4.8510 7.1990 8.5340 8.3060 7.5740 0.0000 11.7660 9.5040 5.4400 
5.3310 7.2190 5.1620 9.0770 4.4760 4.8930 11.7660 0.0000 4.0950 6.3480 
2.7560 6.1420 5.3060 4.9850 5.4890 1.9880 9.5040 4.0950 0.0000 4.4630 
1.7310 1.8450 2.7000 6.1820 3.7220 2.4930 5.4400 6.3480 4.4630 0.0000 
295.1690 801.7660 853.7130 666.8970 549.7840 165.4340 222.0120 24.8690 976.1190 494.1290 8.7970 205.9980 349.7440 111.3700 674.4680 
423.0520 919.9340 1232.2870 850.2460 554.6930 342.8850 255.0280 497.7840 1393.2230 499.9020 405.0430 612.5710 753.0400 575.8440 1164.7830 
1 0 1 1 1 0 0 0 0 1 
1 1 1 0 1 1 1 1 1 1 
0 0 1 1 1 1 1 1 1 0 
1 1 1 1 0 1 0 0 1 0 
1 1 1 1 1 1 1 1 1 1 
1 0 1 1 1 0 0 0 0 0 
1 1 1 1 1 0 1 0 1 0 
0 1 1 1 0 1 0 0 1 0 
0 1 0 0 0 1 1 1 0 0 
1 1 1 1 1 1 1 1 0 1 
0 0 0 0 0 0 1 0 0 1 
1 0 0 1 0 1 0 0 1 1 
0 1 0 0 1 1 0 1 0 1 
0 0 1 1 0 0 1 0 0 0 
1 0 1 1 1 1 1 1 0 0 
