10
10
1474
1.000000
0.100000
301.286401
0.0000 3.3640 4.2740 7.2310 6.2910 2.8730 3.9020 5.9170 2.0220 5.7910 
3.3640 0.0000 4.5810 4.0540 2.9280 3.7540 4.2830 2.9480 2.0850 3.1470 
4.2740 4.5810 0.0000 8.1910 6.3820 1.4030 0.3770 4.8240 5.2690 4.2010 
7.2310 4.0540 8.1910 0.0000 2.0320 7.6740 7.9720 3.9600 5.4000 4.6970 
6.2910 2.9280 6.3820 2.0320 0.0000 6.0730 6.2060 1.9280 4.8270 2.6670 
2.8730 3.7540 1.4030 7.6740 6.0730 0.0000 1.0350 4.8520 4.0190 4.3850 
3.9020 4.2830 0.3770 7.9720 6.2060 1.0350 0.0000 4.7240 4.9030 4.1370 
5.9170 2.9480 4.8240 3.9600 1.9280 4.8520 4.7240 0.0000 5.0250 0.7490 
2.0220 2.0850 5.2690 5.4000 4.8270 4.0190 4.9030 5.0250 0.0000 5.1560 
5.7910 3.1470 4.2010 4.6970 2.6670 4.3850 4.1370 0.7490 5.1560 0.0000 
44.4950 790.6950 361.2320 168.2510 103.0900 539.1110 526.0070 14.7180 239.5900 160.3070 
278.3430 1283.9000 475.4280 236.5940 184.4330 850.3900 760.9370 462.6010 400.1780 310.1440 
1 0 1 0 0 1 1 0 0 0 
1 1 1 1 1 1 1 1 1 0 
1 1 1 0 0 1 1 1 0 1 
1 1 0 1 0 1 1 0 1 1 
1 1 1 1 0 1 0 1 0 0 
1 1 0 0 0 1 1 0 1 1 
1 1 0 1 1 1 1 1 1 0 
0 1 0 0 1 0 0 1 0 0 
1 0 1 0 1 0 1 1 1 1 
1 0 0 1 0 0 1 1 1 0 
