10
15
3801
1.000000
0.100000
273.112850
0.0000 6.9330 6.1720 7.2070 10.3860 4.5160 4.3110 4.7260 10.3390 5.5190 
6.9330 0.0000 5.6630 4.2080 4.7930 7.0210 5.1040 2.2850 4.5740 3.2000 
6.1720 5.6630 0.0000 9.1020 5.7430 2.5650 1.8890 5.3310 5.8730 7.3470 
7.2070 4.2080 9.1020 0.0000 8.8660 9.5430 7.8510 3.8060 8.6060 1.8890 
10.3860 4.7930 5.7430 8.8660 0.0000 8.2130 6.7120 6.6290 0.3330 7.9850 
4.5160 7.0210 2.5650 9.5430 8.2130 0.0000 1.9180 5.8240 8.3090 7.6590 
4.3110 5.1040 1.8890 7.8510 6.7120 1.9180 0.0000 4.0590 6.7580 5.9980 
4.7260 2.2850 5.3310 3.8060 6.6290 5.8240 4.0590 0.0000 6.4750 2.0170 
10.3390 4.5740 5.8730 8.6060 0.3330 8.3090 6.7580 6.4750 0.0000 7.7720 
5.5190 3.2000 7.3470 1.8890 7.9850 7.6590 5.9980 2.0170 7.7720 0.0000 
887.8470 204.5520 741.4420 204.9180 537.3610 405.7080 100.4700 200.5230 733.7200 416.8560 961.8580 126.3610 442.9600 696.7140 940.3550 
1074.0260 409.5120 1196.4660 407.8010 720.3360 857.5670 203.9890 245.0420 913.7170 561.9900 982.0550 222.5480 654.3330 891.7640 1006.5890 
1 0 1 1 1 1 0 1 1 0 
0 1 0 0 0 0 0 0 1 1 
0 0 0 0 0 0 1 1 1 0 
0 1 1 1 0 0 0 0 0 0 
0 0 0 0 0 1 0 0 1 1 
0 0 0 1 1 0 0 0 1 0 
0 1 1 0 1 1 0 0 0 1 
1 1 1 1 1 1 1 0 1 1 
1 0 0 1 0 0 0 1 1 1 
1 0 1 0 0 1 0 0 0 0 
1 1 0 1 1 1 1 1 1 1 
1 1 0 0 1 1 1 0 0 0 
1 1 0 0 0 1 1 0 1 0 
1 1 1 1 1 1 0 1 1 0 
1 0 0 1 1 1 1 1 1 1 
