10
10
1979
1.000000
0.100000
228.223750
0.0000 5.6540 7.9480 10.1080 10.3150 6.4840 9.4310 8.0260 9.7750 7.9170 
5.6540 0.0000 4.5400 4.5490 5.0980 1.8170 7.5300 2.9300 4.2060 2.3300 
7.9480 4.5400 0.0000 6.6370 3.7420 2.7480 3.2190 2.6800 6.3640 4.0000 
10.1080 4.5490 6.6370 0.0000 4.0000 4.7940 9.7840 3.9760 0.3450 2.8590 
10.3150 5.0980 3.7420 4.0000 0.0000 3.8310 6.3890 2.2930 3.8770 2.9380 
6.4840 1.8170 2.7480 4.7940 3.8310 0.0000 5.8430 1.5450 4.4630 1.9480 
9.4310 7.5300 3.2190 9.7840 6.3890 5.8430 0.0000 5.8790 9.5300 7.2170 
8.0260 2.9300 2.6800 3.9760 2.2930 1.5450 5.8790 0.0000 3.6920 1.3790 
9.7750 4.2060 6.3640 0.3450 3.8770 4.4630 9.5300 3.6920 0.0000 2.5360 
7.9170 2.3300 4.0000 2.8590 2.9380 1.9480 7.2170 1.3790 2.5360 0.0000 
353.5290 84.3750 237.1020 691.7590 563.9540 261.5840 677.7000 600.0540 81.0830 405.8050 
602.7600 253.3800 327.7460 905.5490 595.9650 453.2600 991.3480 756.9580 365.6040 892.5240 
1 1 1 1 0 0 1 1 0 1 
1 0 1 1 0 0 1 1 0 0 
1 1 1 0 1 1 1 0 1 1 
1 0 1 1 1 1 1 1 1 0 
1 1 1 1 1 1 0 1 1 1 
1 1 0 0 1 0 1 1 1 1 
1 0 1 1 0 0 1 1 1 0 
0 1 1 1 1 1 1 1 1 1 
0 0 0 0 0 0 1 1 0 0 
1 1 1 0 0 0 1 1 1 1 
