10
15
1645
1.000000
0.100000
97.203459
0.0000 5.7740 3.6060 2.9330 4.1720 5.4900 3.5440 4.3420 4.0450 5.8790 
5.7740 0.0000 3.4910 6.8630 4.4490 4.3380 6.4510 1.5240 9.4660 2.3320 
3.6060 3.4910 0.0000 6.0160 1.1680 6.0280 2.9710 2.8590 7.6480 5.0070 
2.9330 6.8630 6.0160 0.0000 6.8500 4.4280 6.4750 5.3560 3.1120 5.8860 
4.1720 4.4490 1.1680 6.8500 0.0000 7.1920 2.3320 3.9990 8.1080 6.1390 
5.4900 4.3380 6.0280 4.4280 7.1920 0.0000 8.2030 3.4750 7.5380 2.2180 
3.5440 6.4510 2.9710 6.4750 2.3320 8.2030 0.0000 5.6020 6.8060 7.7030 
4.3420 1.5240 2.8590 5.3560 3.9990 3.4750 5.6020 0.0000 7.9470 2.1490 
4.0450 9.4660 7.6480 3.1120 8.1080 7.5380 6.8060 7.9470 0.0000 8.8670 
5.8790 2.3320 5.0070 5.8860 6.1390 2.2180 7.7030 2.1490 8.8670 0.0000 
193.5930 992.8040 60.4470 462.1530 181.9380 156.7070 469.7810 982.7740 445.9980 695.2070 401.9640 536.0390 454.7780 233.9220 310.9910 
614.5140 1287.9090 486.1740 551.8180 449.3830 277.1680 733.0550 1364.0900 656.9950 1031.8590 666.6400 903.3610 568.3990 556.6650 801.0720 
1 1 1 0 1 1 0 0 0 0 
1 0 1 0 1 1 1 1 1 1 
0 0 0 1 0 0 0 0 1 0 
1 1 1 1 1 1 0 1 0 1 
1 1 1 0 0 1 0 1 1 0 
0 1 1 1 1 0 0 0 0 1 
1 0 0 1 1 1 0 0 0 0 
1 0 1 1 1 1 0 0 1 1 
1 0 1 1 1 1 1 1 1 1 
1 1 1 1 1 0 1 1 1 1 
1 0 1 1 1 0 0 1 0 0 
1 0 1 0 1 0 1 1 0 1 
1 1 1 1 1 0 1 1 0 1 
0 1 1 1 1 1 1 0 1 0 
1 0 0 0 0 1 0 0 0 1 
