10
15
4885
1.000000
0.100000
175.365683
0.0000 7.5480 4.1760 5.8840 6.4630 8.7290 4.5200 8.7640 4.4140 9.5940 
7.5480 0.0000 6.0410 1.6800 6.6560 6.3370 9.7460 3.9110 4.6680 7.4140 
4.1760 6.0410 0.0000 4.8890 2.3030 4.6290 3.8180 5.3670 1.3760 5.4310 
5.8840 1.6800 4.8890 0.0000 6.0150 6.3960 8.3990 4.5530 3.5430 7.5100 
6.4630 6.6560 2.3030 6.0150 0.0000 2.6830 4.8740 4.4880 2.8390 3.2580 
8.7290 6.3370 4.6290 6.3960 2.6830 0.0000 7.5470 2.8400 4.4540 1.1140 
4.5200 9.7460 3.8180 8.3990 4.8740 7.5470 0.0000 9.0250 5.1290 7.9530 
8.7640 3.9110 5.3670 4.5530 4.4880 2.8400 9.0250 0.0000 4.4450 3.7630 
4.4140 4.6680 1.3760 3.5430 2.8390 4.4540 5.1290 4.4450 0.0000 5.4380 
9.5940 7.4140 5.4310 7.5100 3.2580 1.1140 7.9530 3.7630 5.4380 0.0000 
256.9040 459.0250 147.7010 729.5280 717.9930 332.8170 631.1470 106.3780 370.2800 37.8990 314.3820 312.5700 955.2550 652.7240 488.6310 
550.6690 776.8260 272.9570 1188.7630 955.5480 550.5830 861.1850 438.1570 505.6260 433.2890 392.5890 576.6030 1454.9200 947.0160 684.3080 
0 0 1 1 1 0 1 1 0 1 
0 1 0 1 0 1 1 1 1 1 
0 1 1 0 0 1 1 1 1 1 
0 1 1 0 1 1 1 1 0 1 
1 1 1 1 1 1 1 1 1 1 
1 0 1 0 0 1 1 0 0 1 
1 1 1 1 0 1 1 0 1 1 
0 1 0 0 0 1 0 0 1 1 
0 1 1 1 1 1 0 1 1 1 
0 0 1 1 0 0 1 0 0 0 
0 1 1 1 1 1 1 0 1 1 
0 1 0 1 1 1 1 1 0 1 
0 1 1 1 1 0 1 1 0 1 
1 0 1 1 1 1 1 1 1 1 
1 0 1 1 1 1 1 0 1 1 
