10
10
1358
1.000000
0.100000
345.776956
0.0000 7.9570 9.0730 3.3260 4.2300 1.7270 9.3920 7.4650 9.7060 9.1310 
7.9570 0.0000 9.3410 9.0030 3.9800 7.9900 8.1060 2.2540 3.0140 9.5440 
9.0730 9.3410 0.0000 6.4580 9.3210 7.4580 1.8270 7.1070 7.9700 0.2240 
3.3260 9.0030 6.4580 0.0000 6.2520 1.6800 7.2830 7.6730 9.7660 6.4570 
4.2300 3.9800 9.3210 6.2520 0.0000 4.8060 8.7960 4.3660 6.3960 9.4680 
1.7270 7.9900 7.4580 1.6800 4.8060 0.0000 7.9420 7.0180 9.2230 7.5000 
9.3920 8.1060 1.8270 7.2830 8.7960 7.9420 0.0000 5.8550 6.3670 2.0400 
7.4650 2.2540 7.1070 7.6730 4.3660 7.0180 5.8550 0.0000 2.2420 7.3140 
9.7060 3.0140 7.9700 9.7660 6.3960 9.2230 6.3670 2.2420 0.0000 8.1920 
9.1310 9.5440 0.2240 6.4570 9.4680 7.5000 2.0400 7.3140 8.1920 0.0000 
891.6280 524.1940 708.2640 138.8160 370.9100 112.6940 755.2600 993.5160 606.0910 328.3570 
1334.5240 1006.0580 908.4430 343.4790 402.6510 239.6190 897.5250 1276.0730 790.1320 582.1010 
1 0 0 0 1 0 0 0 0 1 
1 0 0 1 1 0 0 1 0 0 
1 1 1 0 0 1 1 1 0 1 
0 0 0 0 0 0 1 0 1 0 
1 1 0 1 1 0 1 1 1 1 
1 1 0 1 1 1 0 0 1 0 
1 0 1 1 1 1 1 0 1 1 
0 0 0 1 1 1 1 1 0 1 
1 1 1 0 1 0 1 1 0 1 
1 1 1 0 1 0 1 1 0 1 
