10
10
3186
1.000000
0.100000
502.058019
0.0000 10.2540 8.1300 7.8560 6.6150 6.3590 1.7190 3.6580 2.2350 3.2470 
10.2540 0.0000 8.4390 2.6730 4.2940 4.8170 9.6490 10.3630 8.3630 10.4790 
8.1300 8.4390 0.0000 6.2000 8.4490 4.4440 6.4560 11.0110 6.1660 10.7670 
7.8560 2.6730 6.2000 0.0000 3.1810 2.1620 7.0760 8.6080 5.8280 8.6290 
6.6150 4.2940 8.4490 3.1810 0.0000 4.0280 6.5610 6.0920 5.2630 6.2390 
6.3590 4.8170 4.4440 2.1620 4.0280 0.0000 5.2750 7.9520 4.1620 7.8590 
1.7190 9.6490 6.4560 7.0760 6.5610 5.2750 0.0000 5.1760 1.3200 4.8100 
3.6580 10.3630 11.0110 8.6080 6.0920 7.9520 5.1760 0.0000 4.8990 0.4610 
2.2350 8.3630 6.1660 5.8280 5.2630 4.1620 1.3200 4.8990 0.0000 4.6210 
3.2470 10.4790 10.7670 8.6290 6.2390 7.8590 4.8100 0.4610 4.6210 0.0000 
887.3210 501.9350 552.1400 749.7480 4.6730 32.6090 190.1300 820.1250 182.3510 326.2820 
979.1460 882.6140 1021.9410 978.7610 389.1430 39.4360 635.9290 1277.0350 438.8450 617.5510 
1 0 1 1 1 1 1 1 1 1 
1 1 0 1 1 0 0 0 0 1 
1 1 1 1 1 1 0 1 1 1 
1 1 0 0 1 1 0 1 1 1 
0 1 0 0 1 0 0 0 0 0 
0 1 1 1 1 1 0 1 0 1 
1 0 1 0 0 1 1 0 1 0 
1 1 1 1 1 1 1 1 1 1 
1 1 1 1 1 1 1 1 0 1 
1 1 1 1 1 1 1 0 1 1 
