10
10
1098
1.000000
0.100000
9.336003
0.0000 10.8770 5.4360 4.0980 6.9270 9.0790 9.5540 3.9140 6.2080 1.7220 
10.8770 0.0000 8.5040 9.0780 4.0040 2.2080 4.3400 7.0090 4.9410 9.1630 
5.4360 8.5040 0.0000 7.5610 5.8220 7.6950 9.5730 4.6770 3.9560 4.4060 
4.0980 9.0780 7.5610 0.0000 5.2800 6.9200 6.3650 3.1840 5.8190 3.5190 
6.9270 4.0040 5.8220 5.2800 0.0000 2.1950 3.7660 3.0230 1.9170 5.2330 
9.0790 2.2080 7.6950 6.9200 2.1950 0.0000 2.6360 5.1660 3.7650 7.4050 
9.5540 4.3400 9.5730 6.3650 3.7660 2.6360 0.0000 5.9040 5.6790 8.0760 
3.9140 7.0090 4.6770 3.1840 3.0230 5.1660 5.9040 0.0000 2.7780 2.2550 
6.2080 4.9410 3.9560 5.8190 1.9170 3.7650 5.6790 2.7780 0.0000 4.5020 
1.7220 9.1630 4.4060 3.5190 5.2330 7.4050 8.0760 2.2550 4.5020 0.0000 
286.0500 817.9430 167.4840 0.2180 978.3630 206.7160 498.5050 996.0210 119.0160 320.5670 
785.9400 1117.4040 659.3030 409.0330 1024.7900 272.1720 946.2290 1028.6460 152.2230 593.6240 
0 1 0 0 1 1 1 1 0 0 
0 0 0 1 1 0 0 1 1 1 
0 0 1 0 0 0 0 0 0 0 
0 0 0 1 0 0 1 0 1 0 
1 1 1 1 1 1 1 1 0 1 
1 1 1 1 0 1 0 1 1 1 
0 0 1 1 0 0 1 0 1 1 
1 1 1 1 1 1 1 1 1 0 
1 1 1 0 0 1 1 1 1 1 
0 1 1 0 0 0 1 1 0 0 
