10
10
3448
1.000000
0.100000
93.743916
0.0000 1.6440 2.9340 1.9110 2.6980 4.0120 2.6600 5.4120 6.1250 4.4180 
1.6440 0.0000 2.9730 3.4010 4.3420 3.6200 1.1150 4.1570 5.4400 3.9100 
2.9340 2.9730 0.0000 4.5500 4.4290 6.5290 3.8840 6.9600 8.4130 1.7130 
1.9110 3.4010 4.5500 0.0000 1.5820 4.1850 4.2080 6.3720 6.3480 6.1760 
2.6980 4.3420 4.4290 1.5820 0.0000 5.7560 5.3310 7.8130 7.9260 6.1420 
4.0120 3.6200 6.5290 4.1850 5.7560 0.0000 3.1560 2.7990 2.1810 7.5100 
2.6600 1.1150 3.8840 4.2080 5.3310 3.1560 0.0000 3.0980 4.6640 4.4910 
5.4120 4.1570 6.9600 6.3720 7.8130 2.7990 3.0980 0.0000 2.4880 7.3210 
6.1250 5.4400 8.4130 6.3480 7.9260 2.1810 4.6640 2.4880 0.0000 9.1550 
4.4180 3.9100 1.7130 6.1760 6.1420 7.5100 4.4910 7.3210 9.1550 0.0000 
744.8840 307.3680 492.4900 206.2960 457.5310 163.8180 592.4670 331.0780 804.6870 496.4430 
1073.6950 767.5170 826.1930 306.1640 797.4550 479.5750 1062.8870 677.7080 1080.2930 667.5350 
1 0 1 1 0 1 1 0 1 1 
1 0 1 0 0 0 0 0 0 1 
1 1 0 1 0 0 0 1 1 1 
1 1 1 1 0 1 0 1 0 1 
0 1 1 0 1 1 0 1 0 1 
0 0 0 1 0 1 0 0 0 0 
0 0 0 0 1 0 1 1 1 1 
1 0 0 0 0 1 1 1 1 0 
1 1 1 0 1 0 1 1 1 1 
1 0 1 1 1 1 1 1 1 1 
