10
10
2639
1.000000
0.100000
110.819405
0.0000 2.2790 2.6490 2.1210 1.9050 2.6650 2.6710 2.4540 3.7600 5.1280 
2.2790 0.0000 3.3040 3.2450 3.1840 0.6940 2.6340 2.8920 2.2360 2.9540 
2.6490 3.3040 0.0000 4.7690 0.9440 3.0640 0.9310 0.4300 5.4980 6.0490 
2.1210 3.2450 4.7690 0.0000 3.9970 3.8960 4.7110 4.5580 3.3300 5.2660 
1.9050 3.1840 0.9440 3.9970 0.0000 3.1460 1.5590 1.0370 5.2290 6.0970 
2.6650 0.6940 3.0640 3.8960 3.1460 0.0000 2.2670 2.6350 2.7370 2.9900 
2.6710 2.6340 0.9310 4.7110 1.5590 2.2670 0.0000 0.5580 4.8690 5.2120 
2.4540 2.8920 0.4300 4.5580 1.0370 2.6350 0.5580 0.0000 5.1000 5.6190 
3.7600 2.2360 5.4980 3.3300 5.2290 2.7370 4.8690 5.1000 0.0000 2.0580 
5.1280 2.9540 6.0490 5.2660 6.0970 2.9900 5.2120 5.6190 2.0580 0.0000 
598.3930 949.8850 357.2770 528.8250 525.0030 481.5110 439.2350 448.9550 562.9910 384.3210 
754.5730 1132.8370 698.2140 927.3830 633.9550 873.3230 854.0470 792.1330 751.9290 793.4060 
1 1 1 1 0 0 1 0 1 1 
1 1 0 1 1 1 1 1 1 1 
1 0 0 0 1 0 0 0 0 0 
1 1 1 0 0 0 0 0 0 0 
1 1 0 1 1 0 1 1 1 0 
1 0 1 1 1 0 1 0 1 1 
1 0 0 1 0 1 0 0 1 1 
1 1 0 1 1 0 0 0 1 1 
0 1 0 0 1 0 1 1 1 0 
0 0 0 1 0 0 0 0 0 0 
