10
15
2100
1.000000
0.100000
53.260056
0.0000 5.3860 2.4650 6.2570 2.3800 6.7800 2.6300 2.2640 1.5730 5.2940 
5.3860 0.0000 7.8060 9.0590 7.5050 6.0960 4.6890 3.1740 6.3560 7.0970 
2.4650 7.8060 0.0000 6.7760 1.8760 8.6840 4.0790 4.7260 2.4640 6.5560 
6.2570 9.0590 6.7760 0.0000 4.9020 4.8120 8.8010 6.7470 4.8080 2.0970 
2.3800 7.5050 1.8760 4.9020 0.0000 7.1390 4.8600 4.3390 1.1840 4.7740 
6.7800 6.0960 8.6840 4.8120 7.1390 0.0000 8.3880 5.5800 6.2250 2.9420 
2.6300 4.6890 4.0790 8.8010 4.8600 8.3880 0.0000 2.8200 4.2030 7.5780 
2.2640 3.1740 4.7260 6.7470 4.3390 5.5800 2.8200 0.0000 3.2110 5.1480 
1.5730 6.3560 2.4640 4.8080 1.1840 6.2250 4.2030 3.2110 0.0000 4.1800 
5.2940 7.0970 6.5560 2.0970 4.7740 2.9420 7.5780 5.1480 4.1800 0.0000 
82.8960 825.1720 546.6550 970.9060 788.9400 806.5500 729.9810 148.7730 573.2620 84.9420 403.3460 714.6350 842.2270 331.0730 547.6280 
169.2100 1157.4460 695.5440 1101.7720 1140.8480 1017.1080 1045.5880 519.1500 1023.8790 162.2680 479.1600 974.5780 937.0530 368.5940 675.1980 
1 0 1 0 1 1 0 1 0 1 
1 0 1 0 1 0 0 1 1 0 
1 1 0 1 1 1 1 1 1 1 
1 1 1 1 1 1 1 1 1 1 
0 0 0 0 1 1 1 1 0 0 
1 1 1 1 0 1 1 1 1 1 
0 1 0 1 0 1 0 1 1 1 
1 0 0 1 0 1 1 0 0 1 
1 1 0 0 1 1 0 1 0 1 
1 0 1 1 0 0 1 1 1 1 
0 0 0 0 1 1 1 1 1 0 
1 1 1 1 0 1 1 1 1 0 
1 1 1 1 1 1 0 1 1 1 
0 1 1 1 1 1 1 1 0 1 
0 1 1 0 0 0 1 1 0 0 
