10
10
1555
1.000000
0.100000
132.668705
0.0000 2.2190 7.8000 6.7000 0.5740 5.4620 7.1120 8.1300 4.7850 7.8830 
2.2190 0.0000 5.5820 6.6560 2.6850 5.7010 6.9340 7.3230 2.9810 5.7420 
7.8000 5.5820 0.0000 9.1820 8.2560 9.0030 9.1200 7.9750 4.0640 1.9250 
6.7000 6.6560 9.1820 0.0000 7.1530 1.3610 0.5420 2.7310 5.3540 10.5450 
0.5740 2.6850 8.2560 7.1530 0.0000 5.8830 7.5810 8.6670 5.3460 8.2430 
5.4620 5.7010 9.0030 1.3610 5.8830 0.0000 1.8800 3.8050 4.9830 10.1670 
7.1120 6.9340 9.1200 0.5420 7.5810 1.8800 0.0000 2.2550 5.4080 10.5560 
8.1300 7.3230 7.9750 2.7310 8.6670 3.8050 2.2550 0.0000 4.9690 9.6530 
4.7850 2.9810 4.0640 5.3540 5.3460 4.9830 5.4080 4.9690 0.0000 5.2090 
7.8830 5.7420 1.9250 10.5450 8.2430 10.1670 10.5560 9.6530 5.2090 0.0000 
225.5490 790.7460 891.0950 511.6750 401.4170 657.1970 515.7100 983.1640 575.6430 664.8620 
668.4460 984.1340 1004.7170 645.5760 426.4730 1030.1170 847.8650 1188.9760 576.7010 1163.4500 
0 0 0 0 0 0 0 0 1 0 
1 0 0 0 1 1 1 1 1 1 
1 1 1 0 1 0 0 1 0 1 
1 1 1 1 0 1 1 0 1 0 
1 1 1 1 1 1 1 1 0 1 
0 0 0 0 0 1 0 0 0 1 
1 1 0 0 1 1 1 1 1 0 
1 1 1 0 1 0 0 1 0 0 
0 1 1 0 1 1 1 1 1 1 
1 0 0 0 1 1 0 0 1 0 
