10
15
1649
1.000000
0.100000
166.747101
0.0000 8.4600 7.2950 3.1520 3.7170 5.2250 6.7980 6.1600 9.9010 6.1070 
8.4600 0.0000 1.9730 5.3080 7.2730 3.2510 1.9240 7.3790 6.2330 5.9100 
7.2950 1.9730 0.0000 4.2530 5.4980 2.2780 0.7240 5.4100 4.7560 3.9390 
3.1520 5.3080 4.2530 0.0000 3.4080 2.0820 3.6930 5.2260 7.6930 4.4310 
3.7170 7.2730 5.4980 3.4080 0.0000 4.4120 5.3490 2.4430 6.5400 2.6780 
5.2250 3.2510 2.2780 2.0820 4.4120 0.0000 1.6430 5.3510 6.4460 4.1020 
6.7980 1.9240 0.7240 3.6930 5.3490 1.6430 0.0000 5.5850 5.4130 4.1440 
6.1600 7.3790 5.4100 5.2260 2.4430 5.3510 5.5850 0.0000 4.5750 1.4750 
9.9010 6.2330 4.7560 7.6930 6.5400 6.4460 5.4130 4.5750 0.0000 3.8700 
6.1070 5.9100 3.9390 4.4310 2.6780 4.1020 4.1440 1.4750 3.8700 0.0000 
514.8970 180.7440 918.7210 323.7110 250.0840 390.0590 390.9540 295.2080 111.3000 745.5680 588.8430 945.2580 198.2080 498.3220 240.9300 
568.0640 202.3890 1142.1150 343.6190 486.6030 569.9810 653.3180 790.9290 143.8340 861.0700 772.5240 1421.8240 279.0270 693.7000 487.5350 
1 1 0 0 0 1 1 1 1 0 
1 1 1 1 0 1 0 1 0 1 
1 1 1 0 0 1 1 1 1 0 
0 1 1 0 1 1 1 0 1 1 
0 1 0 1 0 0 0 1 1 0 
1 1 1 1 1 0 1 0 1 1 
0 0 0 0 1 0 0 0 0 1 
1 1 0 0 0 0 1 0 0 0 
0 1 1 1 0 1 1 0 0 1 
0 0 0 0 1 1 1 1 0 0 
0 0 1 1 1 0 1 0 1 1 
1 1 0 1 0 0 0 0 1 1 
1 1 1 0 1 1 1 0 1 1 
1 1 0 1 0 1 1 1 1 0 
0 0 0 0 1 0 0 0 1 0 
