10
10
4298
1.000000
0.100000
261.595267
0.0000 5.2160 5.5610 1.8530 5.0190 2.2960 5.6200 5.3290 6.2150 3.6980 
5.2160 0.0000 4.0580 4.9630 7.4410 7.4860 0.4340 1.2740 1.3740 8.8820 
5.5610 4.0580 0.0000 6.5870 4.4290 7.5770 4.3490 5.2760 3.5570 8.8660 
1.8530 4.9630 6.5870 0.0000 6.8270 3.1410 5.2880 4.6240 6.2140 4.3670 
5.0190 7.4410 4.4290 6.8270 0.0000 5.7690 7.8500 8.3240 7.5520 6.5680 
2.2960 7.4860 7.5770 3.1410 5.7690 0.0000 7.8800 7.4830 8.5110 1.4020 
5.6200 0.4340 4.3490 5.2880 7.8500 7.8800 0.0000 1.1930 1.2960 9.2720 
5.3290 1.2740 5.2760 4.6240 8.3240 7.4830 1.1930 0.0000 2.4890 8.8410 
6.2150 1.3740 3.5570 6.2140 7.5520 8.5110 1.2960 2.4890 0.0000 9.9130 
3.6980 8.8820 8.8660 4.3670 6.5680 1.4020 9.2720 8.8410 9.9130 0.0000 
900.6790 83.0550 538.5220 860.9180 478.2900 711.0540 434.1880 893.9620 623.4810 205.6260 
1222.4690 358.5130 993.7990 1090.6010 699.0880 794.2120 630.4620 1113.8420 680.5740 212.2430 
1 1 1 0 0 1 1 0 1 1 
0 0 0 1 0 0 0 0 0 0 
0 0 0 1 1 1 1 0 0 0 
0 1 1 0 1 0 0 0 1 1 
0 1 0 0 0 1 0 0 1 0 
1 1 1 1 1 1 1 1 0 1 
0 1 1 0 0 1 0 1 1 1 
1 1 1 1 1 1 1 1 1 1 
1 0 1 0 1 1 1 1 1 1 
1 1 1 0 1 1 1 1 0 1 
