10
15
1702
1.000000
0.100000
42.166707
0.0000 7.2670 3.8460 5.5690 4.0350 3.7960 7.9150 3.0500 7.5010 4.8610 
7.2670 0.0000 8.4110 2.0710 3.5760 9.9540 1.1530 7.3210 2.0760 5.4350 
3.8460 8.4110 0.0000 6.3430 4.9070 2.1100 8.5560 1.1660 7.6310 8.2300 
5.5690 2.0710 6.3430 0.0000 1.6000 7.9370 2.3810 5.2640 2.0260 5.1790 
4.0350 3.5760 4.9070 1.6000 0.0000 6.3780 3.9810 3.7800 3.4660 4.8070 
3.7960 9.9540 2.1100 7.9370 6.3780 0.0000 10.2630 2.7800 9.4560 8.6440 
7.9150 1.1530 8.5560 2.3810 3.9810 10.2630 0.0000 7.5370 1.2600 6.5430 
3.0500 7.3210 1.1660 5.2640 3.7800 2.7800 7.5370 0.0000 6.6860 7.1350 
7.5010 2.0760 7.6310 2.0260 3.4660 9.4560 1.2600 6.6860 0.0000 6.9610 
4.8610 5.4350 8.2300 5.1790 4.8070 8.6440 6.5430 7.1350 6.9610 0.0000 
252.0100 207.9470 481.8550 889.4280 164.5090 255.2880 697.3880 636.1250 215.6200 732.4120 133.5710 871.6040 810.3970 53.9000 402.6220 
627.8620 224.7250 781.1560 1067.0550 593.6290 273.2410 904.5690 976.6000 630.6580 1226.5310 169.6770 1023.1230 920.5550 104.6910 800.9950 
0 1 1 0 0 0 0 0 1 1 
1 1 1 1 1 1 0 1 1 0 
0 0 0 1 1 1 1 0 1 1 
1 1 1 0 1 1 1 0 1 1 
0 1 0 0 0 0 0 0 0 0 
1 1 1 0 1 1 1 0 1 0 
1 1 0 0 0 1 1 1 0 0 
1 1 1 0 1 1 0 1 0 0 
1 0 0 0 1 0 0 0 1 0 
0 1 1 1 1 0 1 1 1 1 
1 1 1 0 1 1 0 0 1 1 
1 1 0 1 1 0 0 1 0 1 
1 1 1 1 1 1 1 1 0 0 
0 0 0 0 0 0 0 1 1 0 
1 0 1 1 1 1 0 0 1 0 
