10
15
2055
1.000000
0.100000
85.655972
0.0000 5.0730 8.2990 7.9570 7.1250 1.9250 5.8470 3.6910 3.2490 5.6000 
5.0730 0.0000 3.7060 7.6030 8.0170 3.1910 9.4230 7.8080 2.2150 0.5380 
8.2990 3.7060 0.0000 7.0140 8.2440 6.3910 11.1720 10.1240 5.0520 3.3930 
7.9570 7.6030 7.0140 0.0000 1.9000 7.1150 6.3300 6.7670 6.3420 7.8670 
7.1250 8.0170 8.2440 1.9000 0.0000 6.7370 4.4810 5.2130 6.3160 8.3820 
1.9250 3.1910 6.3910 7.1150 6.7370 0.0000 6.7390 4.8450 1.3730 3.7270 
5.8470 9.4230 11.1720 6.3300 4.4810 6.7390 0.0000 2.2120 7.2240 9.9290 
3.6910 7.8080 10.1240 6.7670 5.2130 4.8450 2.2120 0.0000 5.5990 8.3380 
3.2490 2.2150 5.0520 6.3420 6.3160 1.3730 7.2240 5.5990 0.0000 2.7400 
5.6000 0.5380 3.3930 7.8670 8.3820 3.7270 9.9290 8.3380 2.7400 0.0000 
530.5550 599.1970 205.7220 634.6790 539.6660 600.2160 120.0660 585.6650 763.9410 853.4520 344.2430 211.3570 739.2090 494.2270 994.5660 
741.6360 764.3830 605.3720 931.3660 763.5390 1037.7410 379.1440 846.8150 1234.6740 1038.3760 359.8160 244.2500 960.1250 590.3010 1220.5420 
1 1 0 1 1 0 0 0 0 1 
1 1 1 1 1 1 0 0 1 1 
0 0 1 0 0 1 1 1 0 0 
1 1 0 0 0 1 0 1 1 0 
1 1 0 0 1 0 1 0 1 0 
1 0 0 0 1 1 0 0 0 0 
0 1 0 1 0 0 0 1 0 0 
1 1 0 1 1 1 1 0 1 0 
1 0 1 1 1 1 1 0 1 1 
1 1 1 1 0 1 1 0 1 1 
1 1 1 1 1 0 0 1 1 1 
1 1 1 1 1 1 1 1 1 1 
1 1 1 0 0 1 1 1 1 1 
0 1 1 1 1 0 0 1 1 1 
1 1 1 1 0 1 1 0 1 1 
