10
15
3996
1.000000
0.100000
199.382981
0.0000 6.4720 4.7750 3.9530 4.9370 3.1160 6.0930 6.8820 8.5890 6.3170 
6.4720 0.0000 8.5040 6.1100 8.3560 8.9120 1.6120 3.1940 9.4340 6.3960 
4.7750 8.5040 0.0000 2.4170 0.3690 7.1660 7.2520 6.8760 4.4700 3.8190 
3.9530 6.1100 2.4170 0.0000 2.2460 6.9590 4.8360 4.5700 4.7320 2.4370 
4.9370 8.3560 0.3690 2.2460 0.0000 7.4270 7.0610 6.6180 4.1310 3.4750 
3.1160 8.9120 7.1660 6.9590 7.4270 0.0000 8.8890 9.8810 11.4000 9.3750 
6.0930 1.6120 7.2520 4.8360 7.0610 8.8890 0.0000 1.6770 7.8370 4.8200 
6.8820 3.1940 6.8760 4.5700 6.6180 9.8810 1.6770 0.0000 6.5610 3.7370 
8.5890 9.4340 4.4700 4.7320 4.1310 11.4000 7.8370 6.5610 0.0000 3.0710 
6.3170 6.3960 3.8190 2.4370 3.4750 9.3750 4.8200 3.7370 3.0710 0.0000 
240.0190 108.6250 708.7740 822.1750 158.5590 446.0810 246.7830 374.4350 15.8160 265.0560 587.8590 195.1500 19.2090 541.4110 597.6770 
303.2750 566.4360 900.5610 914.4580 602.1140 708.5060 334.4730 766.5420 335.1030 365.8480 997.8070 547.7540 456.4170 950.7740 675.1580 
0 1 1 1 1 1 1 0 0 1 
0 0 0 1 0 0 0 0 1 1 
1 1 1 1 1 1 1 0 1 0 
0 1 0 1 1 1 1 1 1 1 
1 1 0 0 1 1 1 0 1 1 
1 1 1 1 0 0 0 0 0 1 
0 1 1 0 1 0 1 1 1 1 
0 1 0 0 1 0 1 0 0 1 
0 0 0 0 0 0 0 0 0 1 
0 1 1 1 1 1 1 0 0 0 
0 1 0 1 1 0 1 1 1 0 
0 1 0 1 1 1 0 0 1 0 
0 0 0 1 0 0 0 0 0 0 
0 1 1 1 0 0 1 1 0 1 
1 1 1 0 0 1 1 1 1 1 
