10
15
5712
1.000000
0.100000
173.523593
0.0000 8.6250 5.0490 9.1870 4.2760 1.5430 6.7020 9.4250 5.8960 6.3030 
8.6250 0.0000 4.8820 4.4400 4.3880 7.9130 9.7580 3.1520 8.6420 4.7310 
5.0490 4.8820 0.0000 4.1380 2.8800 5.2030 5.0830 4.5290 3.9160 1.2950 
9.1870 4.4400 4.1380 0.0000 6.1410 9.2230 7.0050 1.5090 6.1710 2.9280 
4.2760 4.3880 2.8800 6.1410 0.0000 3.5500 7.5330 5.8380 6.3750 3.9440 
1.5430 7.9130 5.2030 9.2230 3.5500 0.0000 7.8830 9.2110 6.9550 6.4990 
6.7020 9.7580 5.0830 7.0050 7.5330 7.8830 0.0000 8.2320 1.1740 5.0430 
9.4250 3.1520 4.5290 1.5090 5.8380 9.2110 8.2320 0.0000 7.2960 3.5770 
5.8960 8.6420 3.9160 6.1710 6.3750 6.9550 1.1740 7.2960 0.0000 3.9620 
6.3030 4.7310 1.2950 2.9280 3.9440 6.4990 5.0430 3.5770 3.9620 0.0000 
960.9820 302.2450 598.0020 239.2350 751.6400 557.4970 597.3560 663.5440 849.8870 126.7770 184.4840 217.1050 527.7740 556.7120 481.9170 
1088.9780 306.6110 936.7930 640.6250 781.6590 655.5360 672.1670 791.0890 1131.8880 157.8650 493.8500 294.6490 927.8470 616.4030 531.3090 
1 0 1 1 0 1 0 1 1 0 
1 1 1 1 1 1 1 1 1 1 
0 1 1 1 1 0 1 0 0 1 
0 0 0 1 1 0 0 1 0 0 
0 1 1 1 1 1 1 1 1 1 
1 0 1 1 1 1 0 1 1 0 
1 0 1 0 1 1 0 1 1 1 
1 0 1 0 1 1 1 1 1 1 
1 1 0 1 0 0 1 1 1 1 
1 1 0 0 0 1 1 1 1 1 
0 0 0 0 0 0 0 0 1 0 
0 0 1 0 1 0 1 1 0 1 
1 0 0 1 0 0 1 0 1 0 
1 1 1 1 1 0 1 1 1 0 
1 1 1 1 1 1 1 0 0 1 
