10
15
3399
1.000000
0.100000
186.136564
0.0000 1.1070 9.9920 1.7240 8.8190 7.0390 6.1770 6.2620 6.5810 8.3600 
1.1070 0.0000 10.3760 1.7010 8.8700 7.4800 7.2440 7.1940 6.7470 8.7990 
9.9920 10.3760 0.0000 8.6840 3.2010 2.9680 8.2980 6.2970 3.9020 1.6840 
1.7240 1.7010 8.6840 0.0000 7.2110 5.8100 6.5050 6.0400 5.0530 7.1240 
8.8190 8.8700 3.2010 7.2110 0.0000 3.2990 9.2870 7.3950 2.3290 3.1440 
7.0390 7.4800 2.9680 5.8100 3.2990 0.0000 6.0380 4.1070 1.8870 1.3230 
6.1770 7.2440 8.2980 6.5050 9.2870 6.0380 0.0000 2.0040 7.2650 6.8090 
6.2620 7.1940 6.2970 6.0400 7.3950 4.1070 2.0040 0.0000 5.5180 4.8090 
6.5810 6.7470 3.9020 5.0530 2.3290 1.8870 7.2650 5.5180 0.0000 2.7280 
8.3600 8.7990 1.6840 7.1240 3.1440 1.3230 6.8090 4.8090 2.7280 0.0000 
355.8330 394.7950 388.6140 17.7300 973.1070 247.0850 431.1650 911.1590 45.8610 597.8740 402.8240 746.4900 104.1240 457.7650 722.0330 
550.8300 398.0950 884.3980 260.6680 1362.1270 480.6420 630.3410 1386.5340 100.2550 814.7860 897.4980 1142.6670 599.1290 709.9790 975.5430 
1 1 1 1 1 0 1 0 0 0 
1 1 1 0 1 1 1 0 0 0 
0 1 1 1 0 0 1 1 0 1 
0 0 1 0 0 0 1 0 1 0 
1 1 0 0 1 1 0 0 1 0 
1 1 0 1 0 1 0 1 0 1 
0 1 0 1 1 0 1 1 0 1 
1 1 0 1 1 0 0 1 1 1 
0 1 0 1 1 1 1 1 1 1 
0 1 1 1 0 1 1 0 1 1 
0 1 1 1 1 1 0 0 1 0 
1 1 1 1 0 1 0 0 0 0 
0 0 0 0 0 0 0 0 0 1 
1 1 1 1 1 0 1 1 1 0 
1 0 1 1 0 1 1 1 1 1 
