10
15
3726
1.000000
0.100000
63.696316
0.0000 5.6630 9.9120 3.2330 8.2950 4.7070 9.1470 8.2820 11.6100 8.9190 
5.6630 0.0000 4.4830 5.1810 6.3240 2.3490 9.6850 4.9000 8.9650 4.1410 
9.9120 4.4830 0.0000 8.4130 6.2190 5.4330 10.5180 4.1440 7.1800 1.8900 
3.2330 5.1810 8.4130 0.0000 5.2410 3.0860 6.0430 5.6930 8.5430 6.9610 
8.2950 6.3240 6.2190 5.2410 0.0000 4.5340 4.3250 2.0780 3.3160 4.3320 
4.7070 2.3490 5.4330 3.0860 4.5340 0.0000 7.4130 3.7770 7.6030 4.2280 
9.1470 9.6850 10.5180 6.0430 4.3250 7.4130 0.0000 6.3790 5.7020 8.6280 
8.2820 4.9000 4.1440 5.6930 2.0780 3.7770 6.3790 0.0000 4.0660 2.2550 
11.6100 8.9650 7.1800 8.5430 3.3160 7.6030 5.7020 4.0660 0.0000 5.6320 
8.9190 4.1410 1.8900 6.9610 4.3320 4.2280 8.6280 2.2550 5.6320 0.0000 
302.0140 830.8310 600.2940 71.5380 292.4720 796.9150 189.7860 206.7060 20.8010 401.0570 321.1910 34.2440 339.0350 16.3130 544.3010 
586.4880 1329.9390 702.1190 213.6280 307.7670 818.3960 223.0680 365.2420 357.3720 835.6310 658.7840 70.6420 384.3890 96.3050 956.4090 
0 1 0 0 0 1 1 0 0 1 
0 1 1 1 1 0 1 1 1 1 
0 1 1 1 0 1 0 1 1 1 
0 0 0 1 1 0 1 1 0 1 
1 1 1 1 1 0 1 1 1 0 
1 1 1 0 0 1 1 1 1 1 
1 0 1 1 1 1 1 1 0 1 
0 1 1 1 0 0 1 0 1 0 
1 0 0 0 0 0 0 0 1 0 
1 0 1 0 0 0 1 0 1 1 
0 0 0 0 1 0 1 0 1 1 
0 1 1 0 0 0 0 0 1 0 
1 1 1 0 0 1 1 0 1 1 
0 0 1 0 1 0 0 0 0 0 
0 1 0 1 1 1 1 0 1 1 
