10
10
1055
1.000000
0.100000
101.622894
0.0000 1.7980 5.5240 7.2220 2.6220 9.0060 10.9490 3.2600 1.8470 2.2790 
1.7980 0.0000 5.9780 7.6030 4.2270 8.0830 10.3450 3.7330 3.5640 4.0500 
5.5240 5.9780 0.0000 1.6980 7.1680 6.1110 6.7460 2.2990 6.3580 6.2470 
7.2220 7.6030 1.6980 0.0000 8.8070 5.9600 5.8600 3.9840 8.0160 7.8690 
2.6220 4.2270 7.1680 8.8070 0.0000 11.5120 13.2600 5.2090 0.8700 0.9680 
9.0060 8.0830 6.1110 5.9600 11.5120 0.0000 2.8210 6.6650 10.6500 10.8360 
10.9490 10.3450 6.7460 5.8600 13.2600 2.8210 0.0000 8.0960 12.3920 12.4660 
3.2600 3.7330 2.2990 3.9840 5.2090 6.6650 8.0960 0.0000 4.3510 4.3760 
1.8470 3.5640 6.3580 8.0160 0.8700 10.6500 12.3920 4.3510 0.0000 0.5850 
2.2790 4.0500 6.2470 7.8690 0.9680 10.8360 12.4660 4.3760 0.5850 0.0000 
803.5760 573.1690 259.0880 20.8740 21.6560 203.2150 566.4670 630.2980 357.7650 783.5940 
1293.9840 969.1080 597.3850 296.0400 31.5950 444.5520 785.7440 887.6780 462.5970 888.0550 
1 1 1 1 0 1 1 1 1 1 
1 1 0 1 1 1 1 1 0 1 
0 1 0 0 0 0 1 1 1 1 
0 1 0 0 1 0 1 0 0 1 
1 1 1 1 1 1 1 1 1 1 
1 0 0 1 0 0 1 1 1 0 
1 1 1 1 1 1 1 1 1 0 
1 1 1 1 1 0 1 0 0 0 
1 1 1 0 1 1 1 1 1 1 
1 0 1 1 1 1 0 1 1 1 
