10
3
466
1.000000
0.100000
9.773566
0.0000 4.9650 1.1010 3.4810 4.3680 7.0440 2.8290 2.3820 6.5450 1.8200 
4.9650 0.0000 4.1730 7.2450 5.0790 6.8630 2.6920 3.2680 3.0490 5.0390 
1.1010 4.1730 0.0000 4.5110 3.4140 7.4330 2.5590 1.2910 5.4780 1.2510 
3.4810 7.2450 4.5110 0.0000 7.8460 5.4930 4.5540 5.6810 9.5700 5.2360 
4.3680 5.0790 3.4140 7.8460 0.0000 10.5090 5.2380 2.6560 4.1920 2.6690 
7.0440 6.8630 7.4330 5.4930 10.5090 0.0000 5.2870 7.8540 9.9110 8.6550 
2.8290 2.6920 2.5590 4.5540 5.2380 5.2870 0.0000 2.5990 5.2810 3.7870 
2.3820 3.2680 1.2910 5.6810 2.6560 7.8540 2.5990 0.0000 4.1940 1.7840 
6.5450 3.0490 5.4780 9.5700 4.1920 9.9110 5.2810 4.1940 0.0000 5.7110 
1.8200 5.0390 1.2510 5.2360 2.6690 8.6550 3.7870 1.7840 5.7110 0.0000 
391.5980 881.0010 590.4910 
528.5240 1273.0480 906.9660 
1 1 1 1 1 1 1 1 0 1 
0 1 1 0 1 1 0 1 1 0 
1 1 0 0 0 0 0 0 1 1 
