10
3
1287
1.000000
0.100000
333.281043
0.0000 2.6030 0.1070 2.0190 5.1950 3.7450 4.7150 3.7200 1.2980 3.4430 
2.6030 0.0000 2.6850 4.6110 3.5020 4.1450 2.1210 1.7510 3.7830 2.9030 
0.1070 2.6850 0.0000 1.9300 5.3020 3.8300 4.7920 3.7650 1.2670 3.5470 
2.0190 4.6110 1.9300 0.0000 7.0280 4.7960 6.7060 5.5210 1.2820 5.0390 
5.1950 3.5020 5.3020 7.0280 0.0000 3.4750 3.4690 4.7860 5.8200 2.1940 
3.7450 4.1450 3.8300 4.7960 3.4750 0.0000 5.6290 5.8960 3.5350 1.5230 
4.7150 2.1210 4.7920 6.7060 3.4690 5.6290 0.0000 1.8680 5.9030 4.1420 
3.7200 1.7510 3.7650 5.5210 4.7860 5.8960 1.8680 0.0000 5.0150 4.6250 
1.2980 3.7830 1.2670 1.2820 5.8200 3.5350 5.9030 5.0150 0.0000 3.7780 
3.4430 2.9030 3.5470 5.0390 2.1940 1.5230 4.1420 4.6250 3.7780 0.0000 
660.4050 444.0440 611.1610 
856.1670 607.5960 761.4300 
1 1 1 1 1 1 1 0 0 1 
0 0 1 1 0 0 1 0 1 1 
1 1 1 1 1 1 0 0 1 1 
