10
3
335
1.000000
0.100000
10.743405
0.0000 2.9750 7.7400 1.5060 3.6290 5.4270 6.4900 2.1050 8.0780 1.2850 
2.9750 0.0000 8.7920 4.4380 5.3810 7.1040 4.4630 1.8990 8.1250 1.8090 
7.7400 8.7920 0.0000 7.1680 4.1770 2.6460 7.6370 9.4520 2.8200 7.6610 
1.5060 4.4380 7.1680 0.0000 3.0130 4.6310 7.4870 3.5430 8.0300 2.6570 
3.6290 5.3810 4.1770 3.0130 0.0000 1.8170 6.3970 5.5300 5.1820 3.8450 
5.4270 7.1040 2.6460 4.6310 1.8170 0.0000 7.3540 7.3470 4.4920 5.6460 
6.4900 4.4630 7.6370 7.4870 6.3970 7.3540 0.0000 6.3170 5.6330 5.2790 
2.1050 1.8990 9.4520 3.5430 5.5300 7.3470 6.3170 0.0000 9.3030 1.8020 
8.0780 8.1250 2.8200 8.0300 5.1820 4.4920 5.6330 9.3030 0.0000 7.5460 
1.2850 1.8090 7.6610 2.6570 3.8450 5.6460 5.2790 1.8020 7.5460 0.0000 
629.4770 619.5660 87.6990 
1052.4130 974.8110 393.2050 
1 0 1 1 0 0 1 1 1 1 
1 1 1 0 1 1 1 1 1 1 
0 0 0 0 1 0 0 0 0 0 
