10
3
1476
1.000000
0.100000
27.366403
0.0000 3.0120 7.8910 5.8490 4.9870 0.7500 10.6960 6.7310 9.1040 4.0830 
3.0120 0.0000 5.7170 6.7870 2.9050 3.4200 9.7080 5.3270 6.1990 5.8660 
7.8910 5.7170 0.0000 6.9890 2.9330 8.5650 5.1810 2.1770 3.6000 7.8940 
5.8490 6.7870 6.9890 0.0000 5.6790 6.4990 6.4760 4.8250 10.1130 2.2350 
4.9870 2.9050 2.9330 5.6790 0.0000 5.6430 6.9240 2.5310 4.7010 5.7950 
0.7500 3.4200 8.5650 6.4990 5.6430 0.0000 11.4460 7.4650 9.6010 4.6210 
10.6960 9.7080 5.1810 6.4760 6.9240 11.4460 0.0000 4.4000 8.5670 8.4970 
6.7310 5.3270 2.1770 4.8250 2.5310 7.4650 4.4000 0.0000 5.5740 5.9110 
9.1040 6.1990 3.6000 10.1130 4.7010 9.6010 8.5670 5.5740 0.0000 10.4910 
4.0830 5.8660 7.8940 2.2350 5.7950 4.6210 8.4970 5.9110 10.4910 0.0000 
600.8170 690.0380 676.4450 
682.1380 1111.1100 695.9300 
1 1 1 1 1 1 0 0 1 1 
0 0 1 1 0 0 0 0 0 0 
1 1 1 1 1 0 1 1 1 0 
