10
3
582
1.000000
0.100000
36.633148
0.0000 6.0490 3.7170 5.2000 0.3270 6.7470 4.9510 4.5910 3.3040 4.2220 
6.0490 0.0000 8.4550 9.7280 5.8100 1.4650 6.9090 4.5870 8.2730 6.7430 
3.7170 8.4550 0.0000 7.8520 4.0260 9.5530 3.2380 4.7730 6.0980 2.6310 
5.2000 9.7280 7.8520 0.0000 5.1400 9.7050 10.0450 9.7400 1.9020 9.2890 
0.3270 5.8100 4.0260 5.1400 0.0000 6.4670 5.1180 4.6070 3.2610 4.4040 
6.7470 1.4650 9.5530 9.7050 6.4670 0.0000 8.2760 5.9930 8.4670 8.0510 
4.9510 6.9090 3.2380 10.0450 5.1180 8.2760 0.0000 2.3640 8.1500 0.7630 
4.5910 4.5870 4.7730 9.7400 4.6070 5.9930 2.3640 0.0000 7.8670 2.3940 
3.3040 8.2730 6.0980 1.9020 3.2610 8.4670 8.1500 7.8670 0.0000 7.3960 
4.2220 6.7430 2.6310 9.2890 4.4040 8.0510 0.7630 2.3940 7.3960 0.0000 
200.6510 530.7470 431.3500 
513.6620 660.1320 522.6210 
0 0 0 0 1 0 0 1 0 1 
1 1 1 1 0 1 0 0 0 0 
1 1 1 1 1 1 0 1 1 1 
