10
3
538
1.000000
0.100000
46.350134
0.0000 7.5100 6.5090 7.5850 7.1000 7.2140 0.7620 7.4160 8.3950 7.9140 
7.5100 0.0000 6.4150 4.9150 5.0110 6.0080 7.8350 0.2370 7.8120 9.1440 
6.5090 6.4150 0.0000 2.2200 1.7480 0.9870 7.2520 6.5390 1.9780 2.7310 
7.5850 4.9150 2.2200 0.0000 0.5470 1.3550 8.2570 5.0920 2.9560 4.6280 
7.1000 5.0110 1.7480 0.5470 0.0000 1.0190 7.7850 5.1710 2.8020 4.2950 
7.2140 6.0080 0.9870 1.3550 1.0190 0.0000 7.9380 6.1600 1.8410 3.2890 
0.7620 7.8350 7.2520 8.2570 7.7850 7.9380 0.0000 7.7210 9.1480 8.6730 
7.4160 0.2370 6.5390 5.0920 5.1710 6.1600 7.7210 0.0000 7.9730 9.2700 
8.3950 7.8120 1.9780 2.9560 2.8020 1.8410 9.1480 7.9730 0.0000 2.0640 
7.9140 9.1440 2.7310 4.6280 4.2950 3.2890 8.6730 9.2700 2.0640 0.0000 
755.4860 677.6870 716.7630 
822.6810 786.3620 998.2120 
1 1 0 1 1 1 1 1 1 1 
1 1 1 1 1 1 1 1 1 1 
1 1 1 0 0 0 0 0 1 1 
