10
3
925
1.000000
0.100000
27.355773
0.0000 5.3860 6.4330 0.4870 7.7040 6.1340 8.3570 3.8660 4.7090 7.1220 
5.3860 0.0000 7.1240 5.8120 7.0820 2.6070 9.8340 4.3470 1.4430 8.3330 
6.4330 7.1240 0.0000 6.7960 1.8480 5.1620 2.7240 3.1230 5.6880 1.2420 
0.4870 5.8120 6.7960 0.0000 8.1200 6.6190 8.6230 4.3190 5.1790 7.4310 
7.7040 7.0820 1.8480 8.1200 0.0000 4.6890 3.6750 3.9450 5.7470 2.6000 
6.1340 2.6070 5.1620 6.6190 4.6890 0.0000 7.8610 3.2650 1.7350 6.4040 
8.3570 9.8340 2.7240 8.6230 3.6750 7.8610 0.0000 5.6810 8.3940 1.5020 
3.8660 4.3470 3.1230 4.3190 3.9450 3.2650 5.6810 0.0000 2.9350 4.2000 
4.7090 1.4430 5.6880 5.1790 5.7470 1.7350 8.3940 2.9350 0.0000 6.8920 
7.1220 8.3330 1.2420 7.4310 2.6000 6.4040 1.5020 4.2000 6.8920 0.0000 
861.2540 369.2050 618.7380 
1023.7760 724.5180 918.5890 
1 1 1 1 1 1 1 1 0 1 
0 0 1 0 0 1 0 0 0 0 
1 1 0 1 1 1 0 1 1 0 
