10
3
501
1.000000
0.100000
16.653200
0.0000 3.3820 7.8760 1.8490 8.4090 5.3120 7.5740 1.8100 6.5940 7.6910 
3.3820 0.0000 5.0980 4.9010 6.9420 6.2570 8.8650 5.0730 4.6470 5.2320 
7.8760 5.0980 0.0000 8.6880 3.7490 7.1590 9.3050 9.0850 2.2440 0.9480 
1.8490 4.9010 8.6880 0.0000 8.4120 4.2980 6.1770 0.5430 7.0150 8.3140 
8.4090 6.9420 3.7490 8.4120 0.0000 5.1500 6.5050 8.9280 2.3650 2.8180 
5.3120 6.2570 7.1590 4.2980 5.1500 0.0000 2.6120 4.8330 4.9400 6.3980 
7.5740 8.8650 9.3050 6.1770 6.5050 2.6120 0.0000 6.6480 7.0660 8.4470 
1.8100 5.0730 9.0850 0.5430 8.9280 4.8330 6.6480 0.0000 7.4760 8.7460 
6.5940 4.6470 2.2440 7.0150 2.3650 4.9400 7.0660 7.4760 0.0000 1.4670 
7.6910 5.2320 0.9480 8.3140 2.8180 6.3980 8.4470 8.7460 1.4670 0.0000 
580.1420 826.5940 594.0750 
997.3300 944.0470 961.2440 
0 1 0 1 0 0 1 0 0 1 
1 1 0 1 0 1 1 1 1 1 
1 0 1 1 0 0 0 0 0 0 
