10
3
144
1.000000
0.100000
17.492631
0.0000 7.0520 7.2660 3.4990 2.7940 4.6740 7.4180 1.4920 3.5410 8.6900 
7.0520 0.0000 4.2910 3.9180 7.3940 8.5760 0.4230 8.4620 6.6810 4.5670 
7.2660 4.2910 0.0000 5.9260 5.9190 10.7280 4.1910 8.7220 4.7870 1.4930 
3.4990 3.9180 5.9260 0.0000 5.0090 4.9300 4.3290 4.7380 4.9100 7.0180 
2.7940 7.3940 5.9190 5.0090 0.0000 7.4660 7.6540 3.6860 1.1710 7.4110 
4.6740 8.5760 10.7280 4.9300 7.4660 0.0000 8.9990 4.3220 8.1050 11.9160 
7.4180 0.4230 4.1910 4.3290 7.6540 8.9990 0.0000 8.8400 6.8970 4.3350 
1.4920 8.4620 8.7220 4.7380 3.6860 4.3220 8.8400 0.0000 4.6690 10.1610 
3.5410 6.6810 4.7870 4.9100 1.1710 8.1050 6.8970 4.6690 0.0000 6.2750 
8.6900 4.5670 1.4930 7.0180 7.4110 11.9160 4.3350 10.1610 6.2750 0.0000 
81.3150 27.9330 463.6370 
329.5820 245.8310 667.2700 
0 0 1 0 1 0 1 0 1 0 
1 1 0 1 0 0 0 0 0 0 
1 1 1 0 1 1 1 1 1 1 
