10
3
859
1.000000
0.100000
63.333401
0.0000 1.7010 3.8370 4.2510 1.9250 2.8970 1.5210 6.6610 0.4580 5.0750 
1.7010 0.0000 4.5840 5.8410 3.5440 4.5380 3.0510 5.1650 1.8350 4.1190 
3.8370 4.5840 0.0000 3.4650 4.5630 3.2560 2.7850 9.5820 3.3800 8.6620 
4.2510 5.8410 3.4650 0.0000 3.3190 1.3920 2.7910 10.9110 4.0110 9.1400 
1.9250 3.5440 4.5630 3.3190 0.0000 2.0050 1.8080 8.0520 2.0890 5.9610 
2.8970 4.5380 3.2560 1.3920 2.0050 0.0000 1.5310 9.5480 2.7050 7.7480 
1.5210 3.0510 2.7850 2.7910 1.8080 1.5310 0.0000 8.1510 1.2240 6.5780 
6.6610 5.1650 9.5820 10.9110 8.0520 9.5480 8.1510 0.0000 6.9310 2.7860 
0.4580 1.8350 3.3800 4.0110 2.0890 2.7050 1.2240 6.9310 0.0000 5.4660 
5.0750 4.1190 8.6620 9.1400 5.9610 7.7480 6.5780 2.7860 5.4660 0.0000 
533.5790 932.3490 251.7840 
811.3980 1184.3990 656.3490 
1 0 1 1 1 0 1 1 1 1 
1 1 1 1 1 1 1 1 1 1 
0 1 0 0 0 0 0 1 0 0 
