10
3
1486
1.000000
0.100000
73.454810
0.0000 4.9410 4.4820 3.9900 5.8870 5.3770 5.0200 0.5100 5.5600 3.7410 
4.9410 0.0000 5.9940 1.6130 4.2600 9.8660 9.3240 5.2490 9.3310 5.3350 
4.4820 5.9940 0.0000 6.2900 3.2800 5.5000 8.9960 4.1440 4.0810 8.0020 
3.9900 1.6130 6.2900 0.0000 5.3510 9.2640 7.8930 4.4010 9.0480 3.7270 
5.8870 4.2600 3.2800 5.3510 0.0000 8.6750 10.9000 5.8150 7.3600 8.3940 
5.3770 9.8660 5.5000 9.2640 8.6750 0.0000 6.3540 4.9050 1.9710 8.5780 
5.0200 9.3240 8.9960 7.8930 10.9000 6.3540 0.0000 5.1020 7.8670 4.7930 
0.5100 5.2490 4.1440 4.4010 5.8150 4.9050 5.1020 0.0000 5.0510 4.2260 
5.5600 9.3310 4.0810 9.0480 7.3600 1.9710 7.8670 5.0510 0.0000 9.1700 
3.7410 5.3350 8.0020 3.7270 8.3940 8.5780 4.7930 4.2260 9.1700 0.0000 
477.2470 756.1910 747.2670 
867.4510 913.7170 1231.3960 
0 0 0 0 0 0 0 0 0 1 
1 1 1 1 1 1 1 1 1 0 
0 1 1 0 1 1 0 1 0 0 
