10
5
2711
1.000000
0.100000
46.191815
0.0000 2.2030 2.9470 1.2730 5.8440 1.9660 6.0570 4.7150 2.6430 0.7880 
2.2030 0.0000 3.1560 2.6960 5.9390 2.0950 8.2570 6.7680 4.1040 2.9030 
2.9470 3.1560 0.0000 1.8600 2.9500 4.5390 7.5870 7.0290 1.9980 3.5700 
1.2730 2.6960 1.8600 0.0000 4.6380 3.1830 6.0980 5.2420 1.4770 1.7450 
5.8440 5.9390 2.9500 4.6380 0.0000 7.4860 9.2710 9.3410 3.9320 6.3800 
1.9660 2.0950 4.5390 3.1830 7.4860 0.0000 7.1420 5.2430 4.6060 2.0960 
6.0570 8.2570 7.5870 6.0980 9.2710 7.1420 0.0000 2.4220 5.6530 5.3730 
4.7150 6.7680 7.0290 5.2420 9.3410 5.2430 2.4220 0.0000 5.4170 3.9320 
2.6430 4.1040 1.9980 1.4770 3.9320 4.6060 5.6530 5.4170 0.0000 2.8400 
0.7880 2.9030 3.5700 1.7450 6.3800 2.0960 5.3730 3.9320 2.8400 0.0000 
686.6910 852.3850 478.8560 799.1520 796.7050 
1068.4960 1225.2380 858.1880 1250.4470 817.3940 
1 0 0 1 0 0 0 0 0 0 
1 0 0 1 1 0 1 0 0 1 
0 1 0 0 0 0 0 1 1 0 
0 0 0 1 0 0 1 1 0 0 
0 1 0 1 1 1 1 1 1 1 
