10
5
1498
1.000000
0.100000
105.930638
0.0000 7.0700 2.4170 8.0800 4.8280 4.0340 6.8790 0.3550 5.2280 4.3290 
7.0700 0.0000 4.9090 2.7040 11.1100 6.0290 1.4910 7.0600 7.6490 7.5680 
2.4170 4.9090 0.0000 6.4500 7.1380 4.3340 5.0570 2.2900 6.0230 5.3460 
8.0800 2.7040 6.4500 0.0000 11.1980 5.5750 1.5020 8.1840 6.7490 7.0110 
4.8280 11.1100 7.1380 11.1980 0.0000 5.6630 10.4300 5.0890 5.1900 4.4630 
4.0340 6.0290 4.3340 5.5750 5.6630 0.0000 5.0170 4.3300 1.8010 1.5410 
6.8790 1.4910 5.0570 1.5020 10.4300 5.0170 0.0000 6.9430 6.4870 6.5440 
0.3550 7.0600 2.2900 8.1840 5.0890 4.3300 6.9430 0.0000 5.5670 4.6750 
5.2280 7.6490 6.0230 6.7490 5.1900 1.8010 6.4870 5.5670 0.0000 0.9570 
4.3290 7.5680 5.3460 7.0110 4.4630 1.5410 6.5440 4.6750 0.9570 0.0000 
549.8320 973.9280 685.4720 251.5360 534.9880 
673.9530 1377.8470 955.2320 404.6270 624.8400 
1 1 0 1 1 1 1 0 0 1 
0 0 0 0 0 1 0 0 0 1 
1 1 0 1 1 1 1 0 1 0 
0 0 0 0 0 0 1 0 0 0 
1 1 1 1 1 1 1 0 0 1 
