10
5
1017
1.000000
0.100000
91.410607
0.0000 3.1280 7.4200 6.4580 1.9310 3.7580 8.0770 1.3560 1.7960 3.6000 
3.1280 0.0000 4.7670 4.5770 3.0940 6.0300 5.0250 3.2320 3.6530 1.5040 
7.4200 4.7670 0.0000 2.1580 6.2380 8.7230 2.1100 7.9210 8.3780 5.7680 
6.4580 4.5770 2.1580 0.0000 4.8830 6.9500 4.1760 7.2840 7.7870 5.9470 
1.9310 3.0940 6.2380 4.8830 0.0000 2.9530 7.3370 3.1990 3.6850 4.2470 
3.7580 6.0300 8.7230 6.9500 2.9530 0.0000 10.1050 5.0270 5.3460 7.0480 
8.0770 5.0250 2.1100 4.1760 7.3370 10.1050 0.0000 8.2360 8.6220 5.5050 
1.3560 3.2320 7.9210 7.2840 3.1990 5.0270 8.2360 0.0000 0.5130 3.0900 
1.7960 3.6530 8.3780 7.7870 3.6850 5.3460 8.6220 0.5130 0.0000 3.3410 
3.6000 1.5040 5.7680 5.9470 4.2470 7.0480 5.5050 3.0900 3.3410 0.0000 
335.2660 958.2410 8.1270 5.6450 726.6690 
408.6860 1115.4540 242.2240 316.6670 890.2760 
1 1 1 1 0 1 1 1 1 1 
1 0 1 0 1 0 0 1 1 1 
1 0 0 0 0 0 0 0 0 0 
0 0 0 1 0 0 0 0 0 1 
1 1 1 1 1 1 1 0 1 1 
