10
5
2363
1.000000
0.100000
77.511730
0.0000 2.5880 3.9020 1.6860 3.6020 3.1400 0.8870 4.7130 2.5670 3.2450 
2.5880 0.0000 3.8460 3.2740 5.1620 4.2330 2.8430 4.7460 2.0730 5.7550 
3.9020 3.8460 0.0000 5.5580 2.7430 6.9760 3.1480 8.2010 5.5520 6.4720 
1.6860 3.2740 5.5580 0.0000 5.1350 1.4590 2.5520 3.2270 1.9760 2.9100 
3.6020 5.1620 2.7430 5.1350 0.0000 6.5600 2.7530 8.3000 6.0720 4.7160 
3.1400 4.2330 6.9760 1.4590 6.5600 0.0000 4.0110 2.0630 2.3530 3.4930 
0.8870 2.8430 3.1480 2.5520 2.7530 4.0110 0.0000 5.5930 3.3310 3.5290 
4.7130 4.7460 8.2010 3.2270 8.3000 2.0630 5.5930 0.0000 2.7060 5.5460 
2.5670 2.0730 5.5520 1.9760 6.0720 2.3530 3.3310 2.7060 0.0000 4.8800 
3.2450 5.7550 6.4720 2.9100 4.7160 3.4930 3.5290 5.5460 4.8800 0.0000 
414.3700 848.3310 696.5570 951.8920 238.2220 
439.9050 934.0290 830.9180 1323.6320 719.9980 
0 1 1 0 1 1 1 1 1 1 
0 1 1 1 0 1 1 1 1 1 
1 1 1 1 1 1 1 0 1 1 
0 0 1 1 1 1 1 0 1 1 
0 0 0 0 0 1 0 1 0 0 
