10
5
452
1.000000
0.100000
24.961080
0.0000 3.2660 4.8630 6.0780 0.3280 1.8850 5.4510 2.5130 5.0750 4.5840 
3.2660 0.0000 3.7000 5.5450 3.3390 2.0690 2.2250 3.7010 2.5720 7.7240 
4.8630 3.7000 0.0000 1.8940 4.6610 5.0810 3.8880 6.7080 6.0840 7.7240 
6.0780 5.5450 1.8940 0.0000 5.8130 6.6990 5.7200 8.2320 7.9750 7.8830 
0.3280 3.3390 4.6610 5.8130 0.0000 2.1340 5.4860 2.8410 5.2740 4.4250 
1.8850 2.0690 5.0810 6.6990 2.1340 0.0000 4.2380 1.6920 3.2370 6.4210 
5.4510 2.2250 3.8880 5.7200 5.4860 4.2380 0.0000 5.7650 2.8930 9.7700 
2.5130 3.7010 6.7080 8.2320 2.8410 1.6920 5.7650 0.0000 4.0670 6.2970 
5.0750 2.5720 6.0840 7.9750 5.2740 3.2370 2.8930 4.0670 0.0000 9.6480 
4.5840 7.7240 7.7240 7.8830 4.4250 6.4210 9.7700 6.2970 9.6480 0.0000 
435.3910 8.3100 335.7790 506.6420 520.5780 
854.9930 385.5710 479.8900 641.0620 788.8080 
1 1 1 1 1 1 1 1 1 0 
0 0 1 1 0 1 0 0 0 0 
1 1 0 1 1 0 1 1 0 1 
1 1 0 1 1 1 1 1 1 1 
0 1 1 1 1 1 1 0 1 1 
