10
5
978
1.000000
0.100000
67.615446
0.0000 6.3250 5.3300 3.7610 4.7140 2.5200 6.5390 4.6050 7.1730 3.4850 
6.3250 0.0000 5.9580 7.5140 2.3170 8.6940 9.3120 1.8070 8.5170 4.3640 
5.3300 5.9580 0.0000 2.9260 6.3610 6.1190 3.4670 5.4930 2.6090 2.3510 
3.7610 7.5140 2.9260 0.0000 6.9770 3.4780 2.7780 6.3700 3.6660 3.1550 
4.7140 2.3170 6.3610 6.9770 0.0000 7.2250 9.2920 0.9520 8.9530 4.1690 
2.5200 8.6940 6.1190 3.4780 7.2250 0.0000 5.8770 7.0480 7.1150 5.0960 
6.5390 9.3120 3.4670 2.7780 9.2920 5.8770 0.0000 8.5430 1.8720 5.1450 
4.6050 1.8070 5.4930 6.3700 0.9520 7.0480 8.5430 0.0000 8.0980 3.3980 
7.1730 8.5170 2.6090 3.6660 8.9530 7.1150 1.8720 8.0980 0.0000 4.8450 
3.4850 4.3640 2.3510 3.1550 4.1690 5.0960 5.1450 3.3980 4.8450 0.0000 
441.9270 216.8630 747.7960 191.1900 357.6080 
865.4850 537.6180 1228.8330 628.0860 463.6450 
1 1 0 1 1 1 0 0 1 0 
0 1 0 0 0 1 0 1 1 1 
0 1 0 1 0 1 1 1 0 1 
0 1 0 0 0 0 0 0 0 0 
1 1 1 1 1 1 1 1 1 1 
