10
5
696
1.000000
0.100000
17.878252
0.0000 6.2110 4.5750 5.8140 3.6010 3.0620 5.5080 10.0270 2.4360 6.7190 
6.2110 0.0000 1.7500 6.4840 2.8280 7.2780 3.9030 5.9560 5.6620 3.1530 
4.5750 1.7500 0.0000 5.1890 1.0780 5.5450 3.9530 6.3030 4.4850 2.9590 
5.8140 6.4840 5.1890 0.0000 4.5790 3.6220 8.8910 5.9070 7.6330 4.0970 
3.6010 2.8280 1.0780 4.5790 0.0000 4.4920 4.3140 6.7720 3.9390 3.3620 
3.0620 7.2780 5.5450 3.6220 4.4920 0.0000 7.9950 9.1040 5.4400 6.3440 
5.5080 3.9030 3.9530 8.8910 4.3140 7.9950 0.0000 9.8360 3.5270 6.7530 
10.0270 5.9560 6.3030 5.9070 6.7720 9.1040 9.8360 0.0000 10.6970 3.4110 
2.4360 5.6620 4.4850 7.6330 3.9390 5.4400 3.5270 10.6970 0.0000 7.2880 
6.7190 3.1530 2.9590 4.0970 3.3620 6.3440 6.7530 3.4110 7.2880 0.0000 
14.2450 831.5300 604.7840 594.3110 738.3950 
411.1620 1268.9500 830.1340 761.1410 844.8870 
0 0 0 0 0 1 0 0 0 0 
1 0 0 0 0 0 1 1 1 1 
0 1 0 0 1 1 0 1 0 1 
0 1 1 1 1 0 0 1 1 1 
0 1 1 1 1 1 1 0 1 1 
