10
5
588
1.000000
0.100000
24.256040
0.0000 5.3870 6.4020 1.0050 3.9950 10.1090 8.4370 8.3150 5.3380 6.0250 
5.3870 0.0000 2.7260 6.2400 2.4930 6.2710 3.1290 3.5270 2.8360 1.3520 
6.4020 2.7260 0.0000 6.9650 2.4080 8.5650 3.1630 5.5430 5.5510 3.9480 
1.0050 6.2400 6.9650 0.0000 4.5760 11.1130 9.2240 9.2770 6.3410 6.9630 
3.9950 2.4930 2.4080 4.5760 0.0000 8.6960 4.8710 6.0190 4.5670 3.7690 
10.1090 6.2710 8.5650 11.1130 8.6960 0.0000 6.2990 3.0650 4.7770 4.9360 
8.4370 3.1290 3.1630 9.2240 4.8710 6.2990 0.0000 3.3160 5.2300 3.2800 
8.3150 3.5270 5.5430 9.2770 6.0190 3.0650 3.3160 0.0000 3.3780 2.3680 
5.3380 2.8360 5.5510 6.3410 4.5670 4.7770 5.2300 3.3780 0.0000 1.9620 
6.0250 1.3520 3.9480 6.9630 3.7690 4.9360 3.2800 2.3680 1.9620 0.0000 
820.3380 213.3450 55.6710 277.4540 983.2800 
955.6740 257.5860 231.7720 372.7520 1465.6030 
0 1 1 1 1 0 1 1 1 1 
1 1 1 0 0 1 1 1 0 1 
0 0 0 0 1 0 0 0 0 0 
1 1 1 1 1 0 1 1 0 1 
1 1 0 0 0 0 1 0 0 1 
