10
5
1360
1.000000
0.100000
255.419183
0.0000 5.7260 1.2050 2.3970 2.6880 3.4980 4.5080 2.7240 5.5530 3.8390 
5.7260 0.0000 6.8890 6.2970 6.5680 3.5870 4.2250 4.0850 1.5420 2.1490 
1.2050 6.8890 0.0000 2.9330 3.1420 4.6470 5.5800 3.8520 6.6050 5.0420 
2.3970 6.2970 2.9330 0.0000 0.3300 2.9220 3.3010 2.2350 6.6930 4.1480 
2.6880 6.5680 3.1420 0.3300 0.0000 3.1370 3.4080 2.4890 6.9990 4.4190 
3.4980 3.5870 4.6470 2.9220 3.1370 0.0000 1.2370 0.8100 4.3900 1.5620 
4.5080 4.2250 5.5800 3.3010 3.4080 1.2370 0.0000 1.8190 5.2990 2.5450 
2.7240 4.0850 3.8520 2.2350 2.4890 0.8100 1.8190 0.0000 4.6530 1.9430 
5.5530 1.5420 6.6050 6.6930 6.9990 4.3900 5.2990 4.6530 0.0000 2.8300 
3.8390 2.1490 5.0420 4.1480 4.4190 1.5620 2.5450 1.9430 2.8300 0.0000 
80.6470 51.6890 1.3320 703.5160 975.1600 
510.1990 324.1990 139.7430 1187.1230 1090.7050 
0 1 0 1 0 0 1 0 0 0 
0 1 0 0 0 0 0 1 1 1 
0 0 1 0 0 0 0 1 0 0 
1 0 1 0 1 1 1 1 0 1 
1 1 1 1 1 1 1 0 1 1 
