10
5
592
1.000000
0.100000
44.576270
0.0000 9.6500 8.7770 9.2720 6.8620 1.5560 8.3470 10.8990 8.2900 3.1680 
9.6500 0.0000 6.8500 7.5110 7.8150 8.3030 5.4740 1.2890 4.8250 8.3150 
8.7770 6.8500 0.0000 0.7290 2.3430 7.2910 10.7570 7.2540 10.1980 5.7320 
9.2720 7.5110 0.7290 0.0000 2.5780 7.8180 11.4850 7.8540 10.9260 6.1690 
6.8620 7.8150 2.3430 2.5780 0.0000 5.5020 10.5980 8.5330 10.1270 3.7020 
1.5560 8.3030 7.2910 7.8180 5.5020 0.0000 7.7410 9.5220 7.5710 1.9490 
8.3470 5.4740 10.7570 11.4850 10.5980 7.7410 0.0000 6.4590 0.6500 8.9610 
10.8990 1.2890 7.2540 7.8540 8.5330 9.5220 6.4590 0.0000 5.8220 9.4140 
8.2900 4.8250 10.1980 10.9260 10.1270 7.5710 0.6500 5.8220 0.0000 8.6750 
3.1680 8.3150 5.7320 6.1690 3.7020 1.9490 8.9610 9.4140 8.6750 0.0000 
23.6850 411.5380 977.6430 570.3920 383.0890 
109.3410 555.2620 1134.5610 1023.9020 877.3870 
0 0 1 0 0 0 0 0 1 0 
1 0 0 1 1 1 1 0 0 1 
1 0 1 1 1 0 0 1 1 1 
0 0 1 0 1 1 0 1 0 1 
1 0 1 1 1 1 0 0 0 0 
