10
5
2124
1.000000
0.100000
95.863846
0.0000 5.9270 3.3800 7.8240 2.6560 4.3310 4.1030 10.3470 6.9540 0.6780 
5.9270 0.0000 3.1930 8.2900 3.5080 1.6200 7.3540 5.3450 4.9400 6.3400 
3.3800 3.1930 0.0000 6.0930 0.7990 1.7270 4.2080 6.9730 3.9280 3.9810 
7.8240 8.2900 6.0930 0.0000 6.6330 7.5020 4.2010 8.0860 3.7300 8.4730 
2.6560 3.5080 0.7990 6.6330 0.0000 1.9020 4.2330 7.6980 4.7070 3.2260 
4.3310 1.6200 1.7270 7.5020 1.9020 0.0000 5.9320 6.4090 4.6590 4.7790 
4.1030 7.3540 4.2080 4.2010 4.2330 5.9320 0.0000 9.7660 5.2180 4.6600 
10.3470 5.3450 6.9730 8.0860 7.6980 6.4090 9.7660 0.0000 4.6970 10.9220 
6.9540 4.9400 3.9280 3.7300 4.7070 4.6590 5.2180 4.6970 0.0000 7.6210 
0.6780 6.3400 3.9810 8.4730 3.2260 4.7790 4.6600 10.9220 7.6210 0.0000 
580.3260 862.5300 422.8730 527.1870 438.7100 
1079.4290 1354.9300 785.7520 848.6060 760.2000 
0 0 1 0 1 0 1 0 0 1 
1 1 1 0 0 1 1 1 0 1 
0 1 0 0 0 0 0 0 0 0 
1 1 1 1 1 0 1 1 1 1 
1 0 0 1 0 1 0 0 1 1 
