10
5
1880
1.000000
0.100000
22.752829
0.0000 7.2760 3.9930 7.0170 9.5010 4.2300 6.4740 8.5510 2.8760 2.7190 
7.2760 0.0000 3.4050 0.8100 4.5170 8.7230 4.4190 4.3760 4.6000 8.5440 
3.9930 3.4050 0.0000 3.0410 6.7530 6.5050 4.7220 6.0880 1.9130 5.1730 
7.0170 0.8100 3.0410 0.0000 5.3220 8.8600 4.9770 5.1410 4.5130 8.0560 
9.5010 4.5170 6.7530 5.3220 0.0000 8.8010 3.2970 1.0930 6.6940 11.6130 
4.2300 8.7230 6.5050 8.8600 8.8010 0.0000 5.5470 7.7090 4.5950 6.8100 
6.4740 4.4190 4.7220 4.9770 3.2970 5.5470 0.0000 2.2240 3.8990 8.8520 
8.5510 4.3760 6.0880 5.1410 1.0930 7.7090 2.2240 0.0000 5.8010 10.7630 
2.8760 4.6000 1.9130 4.5130 6.6940 4.5950 3.8990 5.8010 0.0000 4.9760 
2.7190 8.5440 5.1730 8.0560 11.6130 6.8100 8.8520 10.7630 4.9760 0.0000 
470.2810 893.1850 434.4470 441.4980 266.3170 
583.1330 914.8040 738.8830 782.9870 279.7600 
1 0 1 1 1 0 0 1 1 0 
1 1 1 1 1 1 1 1 1 1 
0 0 0 0 0 1 0 1 0 0 
0 0 0 0 1 0 0 0 1 1 
1 0 0 1 0 1 1 0 1 1 
