10
5
524
1.000000
0.100000
50.531798
0.0000 4.0300 2.4590 3.7480 2.8250 5.3930 4.5010 2.5750 4.8420 4.8830 
4.0300 0.0000 4.8460 6.8140 5.1640 8.6490 7.3800 3.4240 5.3550 7.1940 
2.4590 4.8460 0.0000 1.9860 0.3860 3.8200 2.5390 1.5570 2.6630 2.5630 
3.7480 6.8140 1.9860 0.0000 1.7370 1.8370 0.7760 3.5280 3.6780 1.5930 
2.8250 5.1640 0.3860 1.7370 0.0000 3.5480 2.2190 1.8020 2.4820 2.1790 
5.3930 8.6490 3.8200 1.8370 3.5480 0.0000 1.4300 5.3490 5.0700 2.3170 
4.5010 7.3800 2.5390 0.7760 2.2190 1.4300 0.0000 4.0080 3.6690 1.0840 
2.5750 3.4240 1.5570 3.5280 1.8020 5.3490 4.0080 0.0000 2.4730 3.7710 
4.8420 5.3550 2.6630 3.6780 2.4820 5.0700 3.6690 2.4730 0.0000 2.8150 
4.8830 7.1940 2.5630 1.5930 2.1790 2.3170 1.0840 3.7710 2.8150 0.0000 
711.0510 719.3840 13.5390 238.6200 409.4850 
919.6840 1159.3990 71.8660 543.1680 637.5640 
1 0 1 0 1 0 1 1 1 1 
1 0 1 0 1 0 1 1 0 0 
1 1 0 1 0 0 0 0 0 0 
1 0 0 0 1 0 1 1 1 0 
1 1 1 1 1 1 0 0 1 0 
