10
5
1407
1.000000
0.100000
87.041572
0.0000 2.3560 3.6020 2.9210 2.9410 7.3640 5.7420 5.6150 7.3040 2.5880 
2.3560 0.0000 4.6510 4.7370 4.4100 6.2320 4.3200 6.3020 7.9160 3.5200 
3.6020 4.6510 0.0000 1.6510 0.9360 5.6130 4.8890 2.0490 3.7220 1.1420 
2.9210 4.7370 1.6510 0.0000 0.7720 7.1610 6.1930 3.4850 5.0340 1.7630 
2.9410 4.4100 0.9360 0.7720 0.0000 6.3890 5.4580 2.9190 4.5500 1.0910 
7.3640 6.2320 5.6130 7.1610 6.3890 0.0000 1.9860 5.0130 5.4250 5.5520 
5.7420 4.3200 4.8890 6.1930 5.4580 1.9860 0.0000 5.0650 6.0370 4.4440 
5.6150 6.3020 2.0490 3.4850 2.9190 5.0130 5.0650 0.0000 1.6900 3.0460 
7.3040 7.9160 3.7220 5.0340 4.5500 5.4250 6.0370 1.6900 0.0000 4.7350 
2.5880 3.5200 1.1420 1.7630 1.0910 5.5520 4.4440 3.0460 4.7350 0.0000 
122.0890 929.4580 735.7970 682.6740 342.9810 
367.4360 1164.8970 816.8710 1044.0600 819.1170 
1 0 0 0 0 0 0 0 0 0 
1 0 1 1 1 1 1 1 1 1 
1 1 1 0 0 1 1 1 1 1 
1 1 1 1 1 1 1 0 0 1 
1 0 0 0 0 0 0 0 0 0 
